145708096
72537708
110804026
72537702
257136412
134288801
134288759
134288724
134288683
94994271
94990348
90961271
134288744
134288700
126010914
90961768
16764276
292899509
168822396
167991621
301303643
145708091
308172480
207856622
312966899
300925182
297572081
283787239
319761973
251789423
317049616
317048331
253689562
253689550
220926033
220924897
220923780
170723092
307315665
307315443
307315346
307288056
197248492
194449169
160898066
160898032
307311771
307310902
307283713
148267332
221065281
171316521
170695964
311278443
310778818
254197087
170717382
170717363
91209959
242239528
217973742
186895199
186472243
170731539
170025318
170024561
161520427
157369115
153009624
134299076
121606199
261822147
242279586
283787244
271500335
271500321
281416538
281416373
282884242
12719438
169936035
169936020
151266300
31072020
307560559
300924626
300915361
238913039
238912029
319767930
229845287
317132788
317129428
255057362
115351910
253689039
253689026
281418273
257142377
219667518
125974130
17546636
258652132
120599267
220926763
220925583
220923940
220923441
220920622
193213989
170742270
170723200
167032226
307315448
307286552
307286358
307143249
300907216
261257592
261225062
213645942
213416898
195938805
167914807
167911606
167906455
167893340
167839699
167824872
167814849
167813664
167744463
167725619
167621053
167619969
167619489
167589028
167584268
167577655
167574252
167566447
167561061
167466947
213021639
213052637
313122614
308188152
306813961
150393555
148267501
148544333
22126082
221065276
171316527
163736697
311279186
311278450
256372189
116751250
254522705
254511098
254486958
254475259
254449339
150391714
104783152
91209960
302130442
302058947
300923551
300898672
300825287
253774230
253774130
242239517
220930193
220930189
220928937
194364668
187935010
182681702
182681699
182680919
170731546
170024573
170024526
161521388
157362865
153009628
146313117
145597201
134300439
125624863
121606193
307825517
307825513
307724771
307143781
301382070
304443249
304316287
303239130
302876764
302875275
302873690
302186571
300088716
281416315
296446052
261822137
295399606
242279590
294102093
152976300
109290197
271500331
289661945
288917759
281416400
281416396
273809744
273809740
282884238
282874367
282861631
119953790
261226524
257142654
77020214
227330022
227330001
227329995
12719439
9626266
118430773
77020161
213852903
213649702
213425665
213417162
309798025
309795367
300924620
300825540
261227813
168802250
168801764
168801634
168764908
168764558
168763609
168763131
168758698
168757618
168822402
168822393
168821829
168468088
168467961
168467886
168466890
168264527
168263470
168243831
168243605
168236526
168236480
168231204
167991398
167554271
167554214
167551865
167549377
167426599
167426596
165928431
165927748
165927715
319891877
213019832
213019791
213019384
213019322
58698948
296314795
240851066
240851063
240850936
240850532
240850451
240849971
167402247
166012162
317498235
317492987
317492979
317485342
311107201
317153351
260582906
260582522
238920996
168800587
317132784
256003565
256003562
197285834
197285833
197284423
190571701
190570870
187733869
187733471
187732097
187730640
187730574
187730405
42523988
315637240
315611957
309793285
237510138
206558500
196048439
186681868
168822010
168821412
168771640
168466642
85058824
168801591
168790044
157737889
16767462
312794934
312794930
300704540
300704533
300704028
300173883
281491942
281491938
281491554
315302094
301046467
301025091
300992387
300990364
300972108
300948773
300905236
300902373
300896494
300825104
198245888
198245742
194736718
194734736
194429885
168802160
168802043
168800754
168790283
168789349
168786973
168767455
168763897
168763403
168763191
168761885
168757102
300925236
300917763
297246894
293387081
293383702
293383147
269795945
258440742
258428989
258421707
257793407
226941521
226940685
226939326
168790232
308180857
218551328
170723204
169829208
307277590
307273426
307270325
307269968
307268553
301328264
301325502
301048682
301022983
301022971
300948318
300947261
300929048
300922896
300898958
300861107
300860097
294780134
205352463
197250833
197248505
194447617
194447514
194446635
194446547
194446170
194445483
194442731
194429980
194428640
194427974
193063411
191169487
191166615
189405953
189405009
189404174
189403536
189402319
168801805
168799025
168799013
168789879
168789806
168789116
168789021
168788762
168788102
168787560
168787462
168771772
168771226
168770119
168769846
168768905
168767259
168764772
168762499
168762267
168758752
168757991
168756447
168756403
168756319
168754276
167991624
167991615
76811737
314997229
314994580
314953792
314940860
314938426
313891717
189010483
188024910
187776187
168784490
168784127
168783746
168783631
168783546
168783386
168782388
168782376
168781536
168780974
168779302
168778246
168777939
168777500
168777057
168776513
168776441
168775987
168775899
168775459
168775051
168774208
168752380
168751965
168751959
168751782
168751131
168750398
168750306
168750083
168749690
168747968
168747428
167900258
167584276
167466940
293369714
300922074
293553752
191166946
313472117
301048695
282933793
238855000
204930002
197264559
197262631
194437259
193064589
167993413
167993405
167992738
167992735
167992729
313113737
313105697
312984205
312978857
312971316
312970964
312969544
312969094
312967373
312966909
312966893
312966554
312966369
312965530
312961982
312952282
312951256
312909883
312909598
312907265
312906888
312906252
312904034
312903222
312900418
312899432
312897840
312870636
307292402
307291469
307291267
307288278
307286576
307279101
301307425
301307377
301306964
301306462
301303646
301301745
300955519
300766690
300361383
204929590
300992771
300901719
300899639
300817060
295406602
282929096
282919890
282894701
258453877
258448890
258418122
253729736
237812942
227888045
227886447
227885994
208822780
208822604
208822508
208822186
208821353
208820637
208819896
208819848
208819285
208818974
208818816
208818696
208810971
208810962
208810860
208810751
208810496
208809120
208808656
208808349
208808215
208808213
208806361
208806210
194439338
194439332
194433946
194432913
194430034
194428510
194426718
193068213
193067688
193067108
193065289
193065282
193062695
193062577
191173152
191173129
191169468
191168739
191165492
148268431
208817135
208817000
208816615
208816217
208816005
208815931
208815860
208815459
208815337
208815214
208813706
208812780
222148716
270490986
270490780
270490776
193062768
167426915
167422820
167420450
167420295
167401467
167401366
166214375
166211207
166210430
166009397
166009123
165939416
165939397
165939394
162421326
162420464
162417880
108793541
194471691
221214629
221195505
217329510
217329388
217329210
217329202
217328934
217328913
217328504
217328156
217326190
217325991
200390773
200389656
200387966
200386654
170770162
170770046
170769196
170769189
193071452
193071318
193071271
193070496
193070056
193069736
193069601
193068917
188495623
188495058
188494324
188494100
188493900
134278043
134277317
71902315
71901665
71900768
71897653
71276761
71275586
158315617
311110099
159184656
126433531
307945827
307944679
307943895
298487035
298383385
298380683
298380323
298380245
298376108
298369837
298369832
294788371
294788366
293433611
293418649
293417413
293417404
293413839
293411900
293410265
293410249
293407654
293407650
293405037
293404469
282919660
282917169
282911580
282909273
270291365
262047945
262046758
260665417
260664690
257893893
257891084
257885134
256849994
256843136
254298367
254284949
254260091
254224911
254197129
254195780
254193583
254193282
254188194
254183957
254039166
254039156
239631329
226945796
218695502
167039905
158425203
157160362
83716619
83716138
66046014
254793884
254793883
254793872
254793101
254792630
218702680
218688696
309809442
309808635
309806838
309805010
309804250
309797368
301024664
301024606
301020582
301020335
300939692
300935539
300917278
300897156
300895918
300825632
300825291
256393534
256379385
225871319
221232281
218898909
218897911
218897620
218231887
217959650
217958131
209919760
209919052
209399311
209399173
209398895
209398837
209398799
209398072
209397581
209397287
209397113
209397072
209396866
209396398
209395820
206581121
188577639
184153711
170684060
170682811
170679796
152988516
152987512
152985020
152983741
151222099
151221995
151221237
108793741
92118788
92117899
56750792
307688700
307687441
300935206
307143780
307142217
300921131
297585266
297585262
297583117
297583113
306844479
306843036
306830679
306827230
306826849
301299541
269139821
304436842
81299559
303233880
300715694
300715681
302385175
296113184
294792309
99081131
71065016
27363574
238028260
238027354
238025802
294634603
294634593
294636173
294624474
293393555
293393554
293393547
293387891
293387700
293382508
163941499
92113504
92113503
283787245
283787235
283787231
283785680
283785676
268589635
268589621
283796819
52788059
289567080
289551557
281416545
281416483
281416378
261342511
261342503
261341567
261340089
261340079
282932689
282599813
261347042
261343768
261343756
78000030
262042518
260654772
260889406
258646440
257460881
227528934
227365052
227532370
255282196
255066402
255066397
255020350
34762164
239638113
237815055
229521971
156564120
148717895
77020241
29028654
227878721
227522333
227485889
227358434
9633048
9632948
9626261
21716118
226198986
225627101
209363595
77020189
213852908
213649707
206971689
196047589
196037184
195661214
194466416
193066178
191169766
168772005
313895674
313895643
309795371
300924625
310819889
310819873
310819784
310819764
310818819
310818818
168822397
167554209
319892551
319892546
314933957
317501070
317485351
260582897
317131488
257470324
221316480
197285829
197285828
187733046
163858742
148379703
87159942
78356916
78355995
315656909
315654937
315650337
315637244
237669059
237667088
163800619
71909225
71909224
42779487
34495875
16767451
312797251
300704040
198243193
168483704
269102629
226941515
226940554
226939332
218551318
169829198
307337812
307275943
307272803
307271311
307270073
301022977
300947266
300907215
300860876
300860445
300859763
294780285
261257596
261225058
256021043
197249634
194445466
191169485
167991620
29144559
314995390
314993071
314951960
314949160
314943199
314940382
313898120
313897154
168214689
168211345
167911610
167893336
167824876
167814845
167744562
167725623
167619484
167589018
167584272
257467103
300916269
300764721
301048690
167993407
167992733
313113747
312970955
312966898
312902783
312900146
312873808
307295879
307290800
307286476
307280641
301303642
204929576
304379150
300911921
300901724
297591017
297589986
297246582
297246306
297207835
295407552
295407466
294848471
282927355
282921753
258455556
258454510
258448831
258429962
258421070
258420292
253734919
237812946
227885982
194439320
194432910
193068141
193062500
61806436
294661658
22126073
299779192
304373814
221214635
200387714
182625330
170769328
193068911
188494126
163795320
163736703
153820517
153820244
134277680
115378499
115377369
114707468
84391282
71902318
71901668
71900793
71897699
71276764
71276756
71275720
289770173
212638516
119962953
108758744
77165344
307943665
302554473
302524505
297196163
295428012
294631697
293510332
293417410
293417409
291447870
283958719
282919217
282911081
282905852
282904624
262383947
257893415
257891539
257883505
257881700
257879571
257879503
257434090
257431377
257428226
257088332
257079380
256964724
256956788
256841608
256619480
256617106
254505172
254449229
254425832
254416236
254197106
254193587
254193342
254183953
237745777
226945791
157160358
110800688
104783157
104783110
77457369
254793879
157157340
309777835
300939702
300933985
300927032
300923552
300898673
300898171
258541928
225871027
225863822
218905492
218234270
217961366
209884726
197118924
197118923
188587621
188577633
170759813
170757653
170684063
169833513
167630987
167630896
153954551
153941002
153939577
153933999
153932209
151222102
146311879
145300700
145298567
92118793
92117903
307692892
307687445
307686586
307243577
307243558
300935325
293604609
85374685
306817325
301300743
300766153
298346357
304436832
81299552
303234028
300715687
300714707
300786718
300786714
294817733
294817729
294810882
294810874
294810872
296105514
238028264
226949973
226949131
294636169
293397421
293397417
293393550
92113511
78485035
238694959
197935887
197935886
118197621
109289964
109289949
109289948
66391732
66391731
30387495
9634043
9627477
283787240
269203611
291282875
283796810
281416543
281416542
281416271
281416266
261342507
261340083
284053258
284052780
282855878
282851318
215401217
168184190
168183967
168182339
260579088
260590073
258545870
258544075
168484823
168484656
241894893
239638109
238801904
115304293
89152492
66391778
66391774
29028655
22296532
227875038
227543503
33770533
9632904
9632429
227115485
157738599
149882931
119637783
84662618
83571763
62327107
46402098
33300849
31711680
29565757
29565756
17570833
12248116
226199000
225626387
225626384
209363596
115315639
46401886
213586300
170676305
196033422
194430629
307350347
319896810
310818167
319892550
319891873
317487977
311107803
309788331
221316530
148379701
85058835
85058694
16764283
16764278
312795694
312794931
281491937
281491549
307560694
307221213
307269686
226940905
226940093
226940069
189440011
283456329
167915200
312902321
312901352
297246581
295407551
294848469
282927357
282921752
293374845
293374832
293374342
222148471
108793540
299779191
311993250
304373815
94988468
307943203
302520365
298372569
298372542
295428011
293418644
291435902
282919216
262046325
257891956
257881807
258543076
225871316
145597200
117624123
108793740
149279316
259908689
304436831
118575481
182682955
182682954
182682951
182682950
182682948
182682947
134288819
293397318
238695398
157311379
109289958
109289957
283788275
269203610
148750845
215401154
257460885
257455581
115334636
251780146
239927559
118381238
16271817
16271814
156604002
89152489
20065974
227505841
9626256
9626254
119637778
77118200
77118199
19549009
9629545
9629543
29789897
17488513
46401896
148747830
148747829
208429879
195661211
123315355
123235072
123477672
123473727
123470704
123437730
123434262
123387481
123380855
123377272
123362137
123336141
123272808
157168394
157168391
157168385
167600487
167600486
167600485
167600480
167600479
61806430
61805882
311993516
311993249
311992918
94994005
94990093
94988211
310722237
310722234
281416310
281416309
255929156
255929068
238695397
238695345
238695132
228861558
228861178
212671414
194186883
157311551
157311483
116326463
109290196
109289951
66391730
30387489
9634037
9634036
9632606
9627472
9627471
215401155
189043107
189043105
189043104
189043100
9634159
9634131
56694914
39653738
39653735
9628689
195546740
157311175
119637777
33300845
33300844
31711676
31711675
29565734
22855157
18640503
17570828
17570827
46401899
46401897
122891836
18496907
18496900
167583570
16764398
16764396
94992084
225620761
225620760
225620759
225620755
209559318
312964232
157160359
296103178
168243590
168236531
168822004
194736619
194449628
62179806
197261611
310779727
307224045
302343016
238913053
193062646
110806601
110805819
307225193
307225189
319957504
289824607
213649805
168822464
168466875
168263486
168262820
168231190
308172744
260582896
145631936
257470310
169794742
169794741
169794734
169634236
169634235
169634226
168466067
17546647
307560138
307340228
198243132
307336529
307336525
307146674
307142927
307142923
226940566
170742265
307351780
307348283
307348279
307337808
307230304
307230300
307220080
261227801
256021039
256021035
197251834
197248971
194444044
195940907
195939539
195937047
167900250
167589032
167584264
257467092
213027052
160898688
213426297
167554147
308188157
308187148
306812711
194472120
200388895
200388095
163797734
163797693
145640042
145639957
145636826
145635852
145629867
310778828
104783129
104783126
302063926
301385261
258539076
258508133
170730281
170729604
157362822
307558117
307352098
307234517
307131321
289810165
289824388
289679251
261254837
256026829
256023529
251778234
240950435
237803438
227535665
227534667
148724489
213865394
213865102
213855067
213650676
213648554
213622205
213620843
213583810
213582377
213579968
213427414
213424538
213423973
213416935
213160784
213051604
320158429
213970553
213424738
194289049
194289048
319775378
319775376
300691144
260583087
229844133
78049463
317064521
253689032
169634230
315918224
315634484
58581326
58581325
58581317
42520431
28198982
21232420
21232412
17546641
21243382
312794948
189402523
168802495
168802196
168802191
168802048
168790394
168758058
168757998
307142918
227553073
227518546
308181186
220920617
218551666
218550001
218549998
307351770
307230296
261257601
261257595
261225059
261225053
229550229
229546039
168789121
168787555
168768900
168762494
62179568
29144555
29143759
29143034
29141816
26989782
168784431
168784230
168784083
168781541
168774203
168774141
168772100
168765504
168751777
168751506
213029699
313123946
312959287
308188167
308187137
308187136
300768478
227888050
208820188
208819309
208818192
208810901
208810686
208817315
208817251
208815336
16082791
153948678
221207933
221201511
217329630
217329256
217329252
217328437
193071453
193071255
193070473
188494504
145636115
145634283
70731110
70729395
70729391
50914902
42518409
298487030
294783236
289764822
261209737
260663796
260558876
257422829
257422066
257419104
257089688
257086630
257085456
257082755
257080688
256961414
256852926
254360866
254360865
254360851
254360848
254298371
254197442
254197272
254195816
254195170
254195018
239631900
237748226
237746275
237745784
237744782
237742116
237738224
237735548
237702681
218695514
218695097
218694819
218694498
218694236
218553347
157161023
104783135
82544118
82543717
82543329
53802950
254793636
254793151
254793106
254792834
254792553
254792219
218703110
218700208
218700159
218700151
218700148
218699272
218698927
218690754
218690743
218690740
218690203
218690149
218689816
218689446
218689243
218688862
218688685
190149771
110641364
91210536
68250182
16273312
258508523
258508519
258508129
225630453
219871095
219870818
219870664
218897905
209559966
209398138
209397216
209395835
170730287
170729610
169832564
117623509
74312268
307131310
307129638
307128924
301386557
301386340
300723921
300722199
300715691
300714713
300714702
302385269
300310233
300310221
300310218
300309561
294502001
299536110
299530340
299529184
49475112
24113225
24112133
296104738
218705035
218704661
218704589
218703872
218561593
218559556
218559546
218559542
218558984
218558983
218558971
218558231
218558072
218557493
294636168
294102103
293394124
293393544
291282660
269119546
290475066
290474408
290474281
290473733
289827264
289679258
289679243
289661935
282857590
270495148
261495929
261495249
261494909
261494906
261494630
261494629
261492621
261492620
261492606
261492603
261492394
258545879
258545865
258544066
241895588
239987745
239941289
239941217
237803444
229552326
227890160
31795261
227534663
227534178
227527112
227358452
227329963
227329913
213972260
213972254
213645990
213586468
213419300
213163598
196033528
194467903
213971551
213971217
289826809
168233643
167992482
319775370
319647168
251791585
317501074
238921003
229519175
187731452
187731149
169794736
87161294
315925003
78358433
49186795
49186503
49183480
229512039
168238813
167993584
58581322
57234172
28198988
28198282
28198280
21232414
21243385
312794938
300704041
198243482
194737320
300897437
296276336
284024503
253315469
229549072
227518550
227517034
226941514
226939333
218549993
207743958
169829197
85858402
307351774
307271316
294780280
229550225
229549658
229546035
229545411
227555445
194444577
168799018
168789884
168789016
168771767
168756314
26989774
168218071
168211292
168206531
168782383
168775992
168752385
167914803
167906451
167900252
167839695
167821696
167619965
167589024
167584271
167561065
167464689
167464678
167464219
167464215
213029294
294621674
242373439
304439223
282933191
312959283
312902459
308187142
307285468
301307571
301307472
301307453
301305886
300955526
204929551
258445574
258427131
237812939
227888040
227886443
208820236
208806374
194429428
193065267
191168736
49485846
21283122
208812393
194471681
217327866
200391132
199598971
188494078
75765131
71900764
71899430
46581256
46578634
292488311
139474099
76787935
70729394
70729387
50914346
293433761
293414725
293401157
261208939
260665414
260664063
260664059
260660786
260660782
260560389
257432460
257416983
257091045
257081630
256851361
256851357
254523250
254510719
254477183
254361348
254360858
254360857
254298363
254197811
254195133
229607270
218695507
104783136
104783127
88195243
83717136
83649392
53802959
218700154
218698924
218690749
218690156
218688857
218688691
157159341
91209951
29377284
302063969
301386693
300948780
300935266
300929186
300922519
300825468
258539073
253774129
225870220
209396493
187935753
161509674
153940541
152987945
56419075
307688122
307686581
307349608
307337064
306827683
300910174
296503176
300723927
300722184
300310227
300310226
300309552
300309551
300309545
297587073
27363578
27363577
284801608
284800953
296104741
218559550
218558978
284994750
226949699
226949567
294634598
294636470
294624480
294618911
77360492
92113510
268589630
290894537
290474422
289679259
289679248
289661939
289567131
261367740
261347045
261347028
261343763
261343587
268610684
262403651
262273325
262167866
262042513
261495355
261493448
261251494
259503476
259047836
258445234
242243088
257142658
255505158
251781000
251780830
34762156
237803434
229551676
229521975
229521974
189022216
227553078
227535669
227519572
227519567
148724484
148724483
226198902
223039761
213972284
213622934
213586905
193066174
191169806
191169366
