110804052
145708082
115334630
134288740
134288735
72537718
89885994
207857383
126461053
219667513
167647448
119385623
114319956
114319805
120599695
120599283
220921987
148544338
312109746
170718352
217973755
152994620
146308984
126173522
120603803
120602515
307329069
300729095
302876769
302875281
146277402
300024483
296127291
296126727
296126349
296051585
295402311
268316585
288916283
256755134
169257230
300915364
319767936
319761994
317128808
317049633
125975347
125975330
125974486
315497376
170723104
170720525
296443884
307284689
221065288
171316541
167039899
88195867
257063556
256392038
220930321
218529576
217978332
170751347
170731560
167623255
161521373
307724777
307317575
307315554
307315532
303239124
302873683
300022635
298290716
295399613
261418105
220903522
281416391
282884226
156564106
77020198
9632943
31072024
77020144
301324879
297208836
168236910
257469575
317063813
253689542
148284393
49187967
315612405
237668091
168238830
167993600
150396859
114566988
92115964
88606937
87201134
281491947
301020139
198242419
194736054
194735635
191169071
191168337
168790439
93007444
310828688
308180861
313898138
313891857
168214694
168206536
304439218
282933185
126461413
312984200
312898088
312873814
300766685
307314497
300912946
282926105
194438127
193064315
148267496
194017339
177652938
170707760
167641986
165869901
190567796
182418898
212638509
298379832
294783566
293510341
293503328
293433454
293404052
282924542
282919804
282904467
270291370
262047940
262046763
260664068
260660790
260433005
257436467
257425570
256851367
256849989
256847818
254224909
229601638
227817890
225855788
224371851
222085916
218231720
209885287
188581931
186472252
184153714
170681147
170020776
160876024
153940534
92117554
307686593
306827689
301299547
300910169
300909449
300824906
146277792
300871089
99081509
226949136
269202513
289423853
168183973
168182334
260424989
227365057
227532365
251780301
251780159
251779807
229551670
115304291
22296527
227878726
227544634
227535675
227522328
9633043
9626346
196033474
320156407
309795384
307142109
289628253
261258444
261227820
213970564
193066601
310821053
168822447
168822410
168468077
168467875
168264537
168262804
319892556
58698605
314933962
317490976
317483317
317152169
260582915
257468553
317062811
317054080
197285841
187734000
187733048
187732569
49186509
309793295
237668152
237667719
237507544
168821401
168466631
88608773
85058700
281491543
307229300
301046456
301017485
300992397
300937003
300902117
300895930
300825094
198245755
189406304
189405424
307269691
300917753
297246659
295407500
290960853
284024205
189440017
283456324
307336507
301022962
300947252
300929058
300907202
300825252
197251289
197248447
194451187
194446389
194446211
194445026
194427951
193063319
191166539
189406179
189405951
189404480
189404173
189403566
189403521
189402310
168800464
168799003
168789872
168789031
168787640
168787599
168771782
168770992
168756329
167991607
89054126
76811214
168211297
189010797
189010770
189010501
188024901
187776488
187776478
187776471
187776195
168782461
168782398
168776063
168775978
168752371
168749727
167916804
167908447
167584286
167578770
167566458
300916282
294621669
194434235
193064849
313472112
301048704
197265107
167992740
312970942
312969108
312966885
312902316
301307484
301306886
301303629
204929596
300901710
300817073
297246300
295407472
294848477
282929090
282928144
282927350
282921758
282919884
282894695
258424420
258423044
258421076
208822392
208822100
208820304
208818574
208811031
208808711
208808496
208808403
194439351
194436200
194432901
193068278
193067567
193066893
193065577
193065261
193062531
191173064
191168719
208815617
208815276
208814774
208813828
193062854
300918444
221214650
217329778
217328299
200390553
200389060
200387696
170770153
170770010
170769324
170769174
170769062
88858955
193070030
188495286
188494429
188493890
188493814
188493418
188492890
182417857
163737522
163736652
153834982
153820808
153816854
153213660
145639503
307942413
298383378
298380318
293510802
293507839
293433092
293418639
293417395
293414567
293413829
293410242
293407630
293404458
293403706
283771121
283770984
282925261
282917311
282909283
260428369
259417315
257437004
257434096
257433219
254849291
254522353
254518473
254449255
254286520
254260231
254197172
254196607
254193199
254188174
254183936
237745792
237738217
157160345
110799270
83716068
83649381
83643295
52079863
47529072
254793893
157156927
300924612
258543081
254796824
237795139
225870214
225630096
222087392
218905497
217961371
209919252
209919045
209917790
209694355
209400938
209400016
209396940
209396882
188577621
187935749
187933674
170680464
152989333
152986467
152986452
151222108
151220506
148245174
145300713
145298580
126641636
302129836
301381651
300909510
300936149
300935132
259908700
300714694
294677523
294677224
296536844
296104756
296103193
294860198
294839796
238027336
238025821
226948758
294634586
294636163
294618900
147672444
75675817
75675674
293396798
293393563
103487482
92113523
269203616
291283171
291282670
291281487
268589644
290475061
289566716
261340097
257136406
196037516
261344186
261343776
270265269
78000028
168184195
262044704
262042500
261492844
260590081
258544090
258446375
257142675
253314578
28876178
148717889
126011098
89152484
27476049
16798789
227544320
227534658
9632900
169936046
225626393
29789896
17488508
195661206
157168379
90961266
109289940
134288639
215401212
215401149
20065969
9632424
157738605
157265500
157265383
149882911
119952248
29565763
12248115
9629533
122891830
18496895
319896518
319891872
167600435
281416308
212671429
212671413
211956463
30387487
9634035
9627469
283788260
289551563
227872560
195546677
119637776
17570826
9626361
9625363
167600478
194186881
9633525
56694908
39653721
9628687
157311167
38707831
31711674
29565740
22855155
167583566
281419520
281419306
281419010
302344004
283852555
281419617
49183474
315654943
315634889
256833382
229549067
310815633
218548000
222823855
57238317
77462615
88596225
239631905
237706762
258516776
257784384
159039296
159039245
307321386
307320189
307310222
307308722
223935640
283954882
298291936
170017406
293392378
237803724
148747732
307336394
197284812
49186801
168242532
167553552
59712619
58581335
50955858
21232403
21243373
307546773
307348008
307233966
258440748
257793413
226313125
308181192
194448461
29143740
195940285
294616025
293560411
258615841
160897081
313123950
313111245
312969554
312966358
300768472
306813971
258453882
258418128
253734913
253731496
253729749
75762667
46581273
46580573
46579911
46578617
311064303
261751922
42518404
303326907
298380234
262380911
261209691
261208944
260562286
260560394
257891950
257881813
257881705
257879498
256854110
256843131
254360870
254039147
238903124
237738072
237707143
237706833
218694809
218694226
218554102
218553336
82544584
82543314
218700218
218699887
218690349
218689827
218688851
110806593
110641354
91209967
29377289
302061400
301385638
300766319
258539067
254555673
237794640
225857865
218901726
218891275
217965837
188589066
187934941
153931746
120602112
307349615
307238832
307238809
302129772
302060828
301386046
301300712
303245384
300715673
300310240
299533260
149909654
24112123
260843440
218704651
218704578
218703862
218558221
218558062
218557483
257066333
149911895
294668768
294624255
254933558
291285791
291282159
291281132
289679270
289661926
289648060
289628560
289566818
269978263
261494621
260579083
258545859
242243097
227497001
227355222
213971972
213650506
237651606
237651523
148724482
9633571
