94988198
228758286
84688577
119695195
126102727
146312247
228743791
228737608
126175796
146308987
227967243
148544341
83647246
83645657
117925340
117924557
222085913
148531375
170658586
117608313
227531359
255271520
255049266
237738075
52003067
243082281
240267685
241868312
237795044
115251977
126641633
229148224
229074033
228829031
228709108
224797061
224796986
224591572
228002397
227999266
194445236
119386463
226903887
221735442
221734653
222148454
226232426
226201889
225621767
65321283
225548803
223929246
221162901
219872329
219692617
219692550
213970567
206733673
193062788
192927048
191169717
189371282
188997825
188490312
168782396
168752372
183572674
170121890
148500298
157067141
77176118
255337766
255029644
255017580
241763591
238855007
237795135
50914488
224983785
224590670
224586602
223987739
209400368
209396075
194443150
190570765
90961760
116495401
227494268
227432715
226949983
226833491
226820341
226322130
226232480
225575978
225575916
225546289
225546143
223929807
223929452
218462562
217318797
217329798
213019739
212994645
212994644
209872911
209161847
208726715
208724662
205341485
205325147
168821397
199602630
196185969
196047605
196042482
195628837
194438065
194430155
194419787
183226289
193067043
192954981
192930950
192927566
191173084
189376967
189375288
189370126
189354495
168757088
168756434
188998946
188492127
188015934
187768140
168776029
58696779
170770150
170769052
170120976
169346779
167911623
163795432
90820954
159177464
157808169
153866188
147927999
147924476
85697888
83941208
74489979
71901917
254793746
237739816
254523093
237746329
253724735
229801016
151220501
120436787
71911254
227358462
227164181
227094448
227074556
219871708
219870058
194430112
170713912
147757676
118134578
102642474
238801790
27476053
170676278
156905274
42742386
239507397
62909765
221328619
219949522
122891756
166200916
119104310
255039240
254555670
254045079
220921983
253689020
209542742
157693524
229122184
229083042
228950449
228905160
228803845
228790471
187734043
148717882
46804776
167566461
164375400
161168302
147928000
53748181
254793892
237704849
220029170
238920152
238870560
238762071
218886752
94989072
56692920
5354215
170729844
66391761
227438772
227834906
16078322
227519557
46579914
227364811
227352375
116326386
99037424
122891825
169658913
166200968
167583562
168764756
188998573
171098268
153094509
148986144
88782861
74489980
50903561
254592222
237706757
228751845
227851999
49485837
227519918
227217568
227196144
227072859
171913531
126198341
167856804
167852073
13361094
153805229
110342941
74489851
71898785
222456669
196172942
151360006
241203823
221640492
154248846
108803651
157314546
224601446
145410954
161387674
227544272
221155463
13422678
163782570
149817922
119456830
116066033
194473823
171186390
126015338
30387400
222451717
27359976
114798398
114798314
211997231
27361492
1572479
238524468
238521803
243064916
243062269
192359666
123961900
83644404
126697186
30044134
226197409
225930696
225930588
225929816
221211341
221206562
221198230
221180398
221178033
221169954
221164978
123201263
218379126
217421704
217421653
217421573
217392761
190612278
190612232
145926504
145926502
160365011
149380534
157078690
154155654
29378354
1429230
62288582
255341644
229361433
218906518
218902747
217961813
163856159
254511557
254358851
208745158
254193833
254192457
254164297
253987229
253972246
253729653
253325807
91202954
238897890
239921453
238918646
238899608
238651118
238624783
238026306
237879078
194683660
190357743
157414772
124383606
120589584
218528365
186896384
157690813
152981112
229518254
196112047
161985148
161615575
152969992
152968805
152968640
150954841
83593449
83591350
229230076
229009611
228919052
228846777
228764221
157155952
116630092
116628547
116628546
77459956
15889361
212212864
160895959
150008874
197335852
190890076
161509702
161508783
114571517
83311165
227823864
116513862
116493300
78185897
23308895
227514420
116491748
110799993
78358013
227369533
227273384
221724066
222085532
222083174
225618108
83577716
149908875
220961826
218546257
218542784
218536382
71554352
217068009
209504371
163259808
12084967
198261632
196478586
190713740
190711579
149204383
168789658
187428801
187427682
177843586
169749984
169653660
167354129
165923428
153208787
163745117
163661382
116101367
116101114
161381935
145640492
160367538
160361352
116092083
116091566
157679649
116097761
116097043
116095661
116095362
78220418
126244294
157077982
157077564
154157120
153840553
151280312
151279933
149741052
148982310
148873321
145961545
145267460
118571578
106734105
121591586
118166627
91074201
90420992
90311564
85709813
76578976
71728719
10638379
10636178
1495791
255532560
255531884
255531277
255531269
255530761
255525336
255516331
255515471
255513041
255511617
255510664
255509210
255503633
255346878
255344352
255343963
255337265
255329524
255318374
255318305
255317834
255317655
255317610
255317163
255312768
255295755
255277041
255273701
255257861
255253262
255253069
255061385
253510094
255004140
255003514
255003016
254981486
254951430
254951420
254949600
254845120
254791653
224456430
51974650
254815353
254786716
219996808
219996619
145554814
148722377
93354471
134134161
151360174
93359025
160696293
67462475
116108860
116651851
116225578
116229834
68239635
158111647
158111628
116697037
118504674
151938973
75256004
126636480
90107156
90106569
117615079
113889003
114226614
148511810
148512619
149904895
126105910
83587740
84508905
85669044
85823664
87282351
134051531
146398567
154158657
6752251
24346549
13360965
16414948
4490372
145693166
3860920
130589
332612
6735424
28811828
30138353
33632583
38200671
40785910
56312259
84779719
68839518
8347414
29340793
29339800
14524383
13814037
29338821
8347343
19714664
8347380
66572682
24984067
29344018
21904411
51974230
63258791
68058041
71038579
115265610
94543947
74039946
74039891
74039989
74421162
75270647
76882760
77967200
78364040
82754225
83654786
28851552
1199459
7715676
2358007
26546924
17739597
28855711
6002940
45594464
50903322
57224640
89147436
89147532
89147610
89147669
89147502
89147572
89147440
89147541
91700895
91713681
89283080
60117343
13160975
2950337
14276105
28204747
28975444
28975480
19773888
33322355
157101031
37654574
108709818
52211827
55418671
55418793
57282940
63146891
88866263
86567526
90309392
91073219
91692693
148572244
94442236
94442290
94442254
95105915
99035647
158140281
120606881
110548588
110823043
110825012
113205303
113524926
150032943
159894574
159891611
160862038
114335900
114541222
115259710
115365511
115513857
116064621
116067253
117578492
152959498
117980344
117982472
117982861
157323886
169812338
118164892
169821448
169816267
160342874
160362440
118680892
157847737
148500464
119959694
154157824
121554934
121501705
122091247
124515110
124879805
125396050
125858521
125858684
125858644
126387107
126628428
126711013
133777431
133911486
134048833
179366404
134132401
134244630
134250348
134250383
145216256
145569108
145692193
146155777
147923510
147926503
183572441
148831022
149135319
149142699
149745301
149748566
149904964
150256245
150420728
150959782
151576767
151584086
163661183
152927425
114199109
156189586
157404393
179342851
157987695
158593044
159180344
159877750
161017821
161378348
161378843
167739728
162282854
164646624
166242699
166995930
167072553
167467968
167561002
167567539
167569143
167585145
167814814
170520238
167939915
167945407
168143417
168464626
168702936
168790523
168802255
168995640
169243933
169408268
170135965
170144105
170938226
170939192
171089467
171092906
170778842
154000930
171701595
171853662
172070682
183224932
183577437
183597342
183598155
183600875
157311316
228903106
228717001
226199518
114739838
27360280
27359112
238522230
238520893
252124072
252118882
251856594
243063626
243063267
166998295
241320410
238852956
237504950
67640207
67639845
237813641
206707454
207858089
124024723
116629172
15927271
212218681
169833990
227438549
225851211
225849099
226199751
226199100
226194296
226192996
221211541
221209511
221208890
221206408
221173717
221173499
221167387
221166194
123199611
217424766
187722458
172041974
118175292
57284750
121589002
81169657
218905124
163857091
157911982
157910379
254162665
253733682
253561412
94552023
251777962
241903709
221161024
239795901
239787514
238857079
238793147
238784363
238727520
238717755
238716053
237876259
197315399
22778168
218895524
157415823
218437768
205352616
157692435
157162510
157160325
152982879
152982132
152980061
71910128
229311975
183175596
116511395
83593698
83591586
71802064
229239071
229184482
229008516
228990392
228984461
228957659
228862935
228802001
228727027
228698917
228675348
187733994
126451339
126449981
116630301
116628701
212219503
169830116
160897750
160897599
153003299
150008912
32479378
227940683
217963733
187477536
167625840
116334489
116333351
91211174
83645070
83643321
227895457
227890429
227858498
227853612
116495670
116494913
116492145
89052562
83815780
15893894
212634808
227538801
227513414
227510588
227496027
159903826
169627305
227219395
227190635
227185584
221735973
221734265
221724948
221723664
222147681
222086373
222085570
222085517
222081470
91797029
89344299
83577344
83574500
222094288
221312513
221242291
221239081
218759567
218158885
218158788
217334763
217065494
206685837
168241282
196478142
196207202
196029235
194466340
194014457
194013018
194011598
187426993
183179761
182626669
169653041
169650532
169649998
156721223
163737971
116100590
148501664
113886208
160364288
58254315
116091643
157681507
116105170
116104493
116095883
124293231
124291277
116612983
157319660
157078049
149932482
28807198
118170057
41327064
91073695
91217224
89043611
29894684
83842857
83757555
83756726
83637040
83636105
83634089
83633599
76583200
76579514
71898284
71897831
71732023
46201907
147239
255533032
255532216
255521153
227532670
255344057
255324869
255324398
255305740
255297113
255297044
255294460
255277453
255271684
255257633
255256534
255112877
255104012
255102098
255066007
255062528
255035312
255025219
255022525
254970196
254950430
152930139
254882574
254877633
254876604
254851965
254851898
254846791
254843279
254843275
189496166
189496016
49333340
49331355
254761863
219995138
217500157
197119988
77159017
112360403
77174927
70610237
23125217
28918100
116095079
67087263
23335147
117609791
46227695
46228750
124261932
57019404
62426303
116094075
94555358
116613063
95133660
151362863
68240022
117609793
119536479
119526011
75214585
75228527
81254630
152961826
149951527
90104089
113885469
149901370
83848557
83845859
84353971
86167545
86169033
88775897
88791849
88814198
146401393
89044900
89081394
145215297
145215829
145216818
145215970
145215649
154158584
154162961
128908
31747257
5672692
3322809
40253969
160368310
1674028
2984128
17134785
238278
41325376
29140060
26106139
5708114
6685957
18077221
32468694
3818431
29610498
110615355
33640422
38259464
45047630
49237661
49239213
89268717
78609584
83308657
21904230
62127533
21904231
19886537
19888006
19887743
7339840
29894836
30995439
31541556
63254374
77387330
46449614
55230528
84786076
84788222
71802335
72003329
72003045
74419223
75702713
76883116
76883038
77761085
78168674
82410146
83757479
84788832
27360855
457262
28851489
396393
86553398
91709559
91693184
91802853
91802663
91713660
91801452
89294527
89294528
21280306
29604140
18104286
4335971
21554516
14030876
33440454
56378245
85776861
168732287
90323706
149946326
91185361
94545662
95135587
97274826
116094906
160428060
109003367
109082642
109462026
110342251
110817520
110817513
121556615
111152610
111150606
111149105
112443127
113529564
167348404
113881011
114341334
114542647
114771966
115250061
115939650
116106642
117577186
117985473
118002107
154153375
156231549
118137664
118137679
118137681
118433781
118435954
169815248
160342318
160361500
157848587
119444892
119458309
132663059
154156093
121300696
121308596
123197947
150011971
124514576
126013932
126236358
126703655
134071363
133722197
142856019
145569149
145579768
145579764
145579762
146232435
146863905
147848144
183572396
148874461
149812678
157316051
150420319
150963594
151562350
151562378
146151103
157076150
157076662
157387214
157404641
159178666
161018824
161383224
161400825
161402232
162435446
162436011
163259046
163673864
165894499
167065316
167414759
167415300
167417707
167418222
167462786
167730578
167731433
167731485
167871484
167912949
168807853
167971067
167973896
168141636
168144676
168153048
168156473
169294494
168334043
172043451
168732288
168698018
168715056
168715057
169005178
169151966
169156922
170123225
170133760
170657920
170787671
170788148
170938031
171701503
172069582
172070767
172073297
172073370
177909390
182676021
183225856
183448135
183576516
144901359
145689660
38640118
150016035
124603211
13879058
94970962
124514364
251856645
251856167
243063116
167001074
166998569
229423317
237812520
237810772
229821906
207855875
229186236
228967019
228610296
124026783
118463262
27366945
27365419
170759747
116626939
28493745
226200249
226197704
226194430
225927757
221209992
221177058
221170032
221169235
189485199
217422351
217419033
196223251
167945734
148712625
148712501
148712351
255341421
255340954
255022255
254985149
254873140
219681834
219681544
81170069
81169962
217957706
254557046
239627726
237728108
254395459
114770122
254260414
254045973
253984592
251771464
238548271
110647595
240296524
220965374
220962396
220962350
221640241
221640042
239907571
239500713
238917910
238871363
238749438
238724919
238717472
238708192
229450034
229445386
197316280
197316143
14021091
17984419
229852773
183581431
224990037
166368012
161831009
154251436
152982191
148662019
146319260
126640408
229527057
161936126
149194506
183176788
183174858
121998908
116512246
21909597
229146442
229116492
229110553
229075871
229025623
228889275
228822036
228806163
228799293
228789367
228776274
228711035
228697762
228682465
228675726
228642395
228641502
228609848
187733266
126447090
113955286
76818729
76818303
76811882
76811171
53802766
50842832
162448052
150006383
116618126
217964357
217964283
161510168
121607596
83645126
83643723
73663266
227903927
227868445
158338789
158337161
158333710
158333643
99080142
83814932
70727130
212636785
118473882
118472556
224367384
81299121
227396039
227357661
221737494
221725921
78170608
159879225
221218243
212011086
219860349
218535914
212556543
205341849
205324843
168263462
197625894
197262033
196038658
194408020
188521853
186700160
169654699
167056502
163762615
162351532
116101706
161762876
160369242
160367536
160364591
157679996
116099953
116096451
116094625
157080506
157069240
144897946
154158056
151366841
151280706
149950981
149919895
149825189
149750243
149371666
145634668
144979156
126649856
120614665
118170216
115370702
78198426
77413325
47015636
22596882
6650364
12964931
12964861
12964809
255527238
255523412
255517970
255517892
255517278
255516893
255512525
255509665
255508418
169408327
169406785
255324054
255313239
255311169
255308233
255281789
255275242
255271223
255265979
255254801
255253268
255115271
255115124
255114930
255094631
255054784
253511379
255027046
255025777
255020181
255019933
255002776
254992618
254975452
254949256
223700825
254911496
254880678
254844146
254843633
49183053
254827630
254827260
254824943
254816623
254780409
254757789
254756875
238524454
238522955
252128372
252120215
252117419
252117410
251857416
251857407
251855942
251767591
243061486
167002866
237505429
238562228
238561490
237510051
237811844
235001839
206708327
207856524
226196278
221198683
221167972
76780419
255534876
255534695
255342524
255341072
255340891
81167778
218904624
218902356
218233306
217961503
217958736
163856684
163856680
254555337
254555192
254044264
251771523
221161650
221640869
221640426
238917786
238917122
238873146
238872482
238794046
238788404
238752723
238726678
238723650
238717028
238709054
238024975
237879575
197316005
197315471
218898542
218896195
124386041
124381766
191638960
166368206
166364684
157163048
157162108
157161398
157160820
154253394
161985624
161985419
158306843
158304054
158303611
83593629
83592939
83591846
52784460
52784458
187734117
187732179
157155959
126449584
126446385
118466250
118466093
116628232
76817678
76811049
30263448
28901471
28900854
28900316
162447527
162447518
162447312
197334515
197333981
91211146
197106716
158336602
158335445
158333813
158333370
116514652
83816594
83815469
212636172
212635469
212635466
118472241
78214109
78213610
78212051
78212048
81298897
221737770
190700464
119949091
119948036
119947975
83576543
83574760
222099740
218545692
218536979
218163986
218161263
217067103
217063299
212557656
212556954
212556953
212556950
163260412
163260408
190712753
190698714
187431109
91715158
116093967
126239239
124294061
124289786
157078971
157077989
157068728
157067788
157067078
144898973
154157344
146760275
28810018
28809300
28808627
28805002
118173447
118167380
580662
115376651
115366332
91075374
91072720
83757988
83756863
78198568
78196510
78196507
76582151
151013
255531169
255528103
255524324
255517591
255512007
255508199
169408744
255344153
255339198
255338897
255332721
255330495
255314917
255307204
255280482
255278202
255276612
255271383
255271376
255270994
255270145
255268947
255257554
255254627
255254408
255252865
255115680
255115410
255114007
255110886
255101328
255062482
255061534
255061151
255060227
255036812
255036517
255036187
255035850
255033968
255033922
188498961
255022843
255021330
255013897
254996947
254983936
254983022
254982640
254981708
254975788
254969193
254949568
254949273
254948943
254948606
254946724
254946678
16131442
16129874
254880810
254879692
254854042
254850016
254846255
254845721
254833603
254795528
254793578
189496345
189495195
189494660
49329811
49186921
49186296
42739040
42736263
254821328
254779057
254758703
254758105
254753606
254752852
217498609
217498608
217498605
197118211
197116535
94993971
94990059
189440018
219690974
94541687
38640251
93007429
118197699
119712573
116266325
163763237
27360500
27359740
238560941
238524279
124514288
252127780
252121217
252118723
251857250
251767077
243061453
167001551
167000503
237503374
237503321
237811975
206708633
207859126
207859124
207856258
192360051
228861353
227438369
167600460
116326237
66391825
61805878
221204145
221199585
221198061
221196430
221165160
123201463
217393150
170287420
190685655
33438524
27359466
27358604
255536633
255536481
255342134
81168755
218906634
218234847
218231540
217958628
163854653
157911095
254557084
219624777
219624573
254194688
254163724
253975656
240268056
240851225
239797030
238787758
238701492
238650986
238027635
237876069
157414843
124385882
191637659
166368184
161831380
157964673
157162056
157161330
154252878
152981330
152981080
183174695
161985174
229019644
229006756
228792211
228665577
228607015
157159402
116628939
30260477
28896743
21233791
212219099
212218348
194737135
162447923
162447067
160895471
150008034
116617808
190894447
190149632
162138327
161509899
116333167
91213298
210135102
210135073
197105764
83648356
227867700
158334865
116495451
116493289
83816462
212636402
183982124
221724435
222084927
222084834
119951127
212010489
159889252
159888800
111027129
111027128
218162804
218161683
218160692
218159819
218159497
217335157
217065592
217063448
212558407
196479636
196477650
190713843
190697136
187429699
168215888
170764278
169655144
116100513
160368708
157682060
157680654
116108806
116104006
116100167
116097422
116095625
116093331
116092822
157081432
144898994
151280338
28806039
118170960
118164824
116109019
70608341
91072660
83635645
78196052
76584014
76581002
76580464
255527693
255527323
255526659
255526474
255523282
255519945
255518200
255517583
255509856
255508402
255507207
227531162
227530830
110675773
110675541
255348934
255335429
255335395
255331523
255327869
255327378
255326051
255325684
255324632
255323798
255323795
255317142
255315178
255313045
255301387
255298932
255297660
255296543
255294737
255292504
255281766
255274075
255273829
255271559
255270314
255255695
255252819
255113505
255112603
255111577
255097411
255093167
255061142
255058709
255049824
224499522
255023812
255021947
255009003
254989629
254988907
254987652
254987166
254985863
254984018
254981883
254976400
49176407
254913172
254912124
254900736
254884765
254879876
254872464
254871885
254849928
254842381
254840590
254805722
254796071
254795778
254791994
189494839
49184972
254822006
254784763
254756753
254756067
217500158
217499020
197120131
121590396
27362405
238522395
238521576
253975912
124514880
124514187
243063532
237505319
237504892
237504087
67642362
238520526
237813711
237812870
237812349
235002755
207859475
207858587
207858114
192362344
192359601
27367034
27365970
27364650
126695764
226195454
226194619
225933640
221211020
221210366
221204467
221203696
221176670
221174588
221170435
123201245
123200069
217420888
217397096
255535925
255534815
218901480
218233183
163859050
254557527
254164071
254163058
254161320
253991599
208432936
221159322
221640183
221638170
239794542
238916461
238784007
238762042
238711858
238708882
238707808
218899541
218898744
218897403
215267493
124384264
124384011
124383625
124383478
124383011
124381407
166364728
161830021
157693770
157163604
157159849
183174996
183174925
158307347
83594235
52785892
229186498
229175340
229169002
229116039
229083566
229071760
229019478
229011155
228999412
228985657
228983531
228956712
228952872
228947971
228939663
228933837
228900922
228858549
228849608
228796265
228778736
228773181
228741833
228740017
228736368
228725685
228690050
228653603
228636299
228610974
228604633
228594736
187733501
187732385
157158135
157157079
157155780
118466506
116630422
76810521
76809246
30264727
28899530
197333965
190893941
190890224
190150536
190150418
190149885
190149452
157165250
116334355
91212083
91212078
91209667
197106752
197106636
197104927
83647341
83644669
116495151
118473176
118471757
118470052
159904338
78213576
19746126
221734311
221734214
221721857
222087613
222082254
83576212
83574407
221218259
218544312
218543639
218536014
218161850
165940725
196477905
196477311
196477268
190713226
190699350
187430452
157386592
157386152
169652697
169649152
116101623
161761888
160361311
116108157
116098812
126243796
126241404
124291645
157081093
157076962
157068012
157067850
157067588
149933878
28806170
91072467
91071318
91071241
83755725
83635384
83634912
78196429
51556861
255532107
169408095
110673816
255505291
255345780
255344966
255339159
255326984
255300643
255300391
255298554
255295168
255295017
255281050
255278971
255274483
255272934
255271987
255271793
255261249
255255052
255114048
255110524
255108047
255101038
255100148
255058401
255057666
255055879
255055318
255054961
255053253
255050567
229359794
255022161
254998040
254996473
254991075
254989213
254989209
254986185
254985297
254983096
254975504
254950048
254936985
254932591
16129202
254913793
254883360
254875095
254796094
189495733
187929649
187928988
51977666
49333330
49187547
49187156
42735672
254818093
254817367
254815455
219994953
217498587
217498203
197117078
94992947
71911237
71854019
227356934
193077235
27365989
114800081
114798034
238521077
252117434
251854616
251853910
251853201
251767920
251767752
238561256
238520288
237810642
235002283
148713473
148713425
148713321
148713249
148713241
116628017
111025468
226199664
226196385
226193873
225932422
221211199
221208263
221201726
221200184
221199887
221172647
221166712
221165751
189485193
217396939
217392070
187429218
157680125
116107542
255535687
255535374
49183679
218235299
218233559
217958717
163857958
219624283
254489188
241895930
254193988
254162493
254046434
254046198
251773017
251772726
242280392
240296541
221161822
221640406
238917506
238917133
238867693
238722852
237880198
218899237
124383640
124381420
229603467
193216681
191639077
170021981
166368832
166365201
166364212
157691298
157160454
152981219
134301177
229537594
229322297
158309200
158307499
158305704
21910287
21910069
229221836
229210139
229146315
229142099
229105452
229062365
229021844
228929734
228920148
228849101
228733211
228710314
228662063
228646622
228610935
228595150
228585572
157156989
126174771
118466317
116630389
116628858
116628459
76810289
24372953
212217861
194736323
150010020
150009941
150006873
150005572
150003690
116618966
197334773
161510418
161510411
161508918
148656436
210135276
83647043
83643941
83643620
163847454
158333757
116514595
212635276
212633975
118467381
116490821
21672431
227241205
221734190
221722866
221722771
222149328
222084467
224802549
110167084
78169710
222099701
146153608
221089071
115515407
212560671
209530165
199591700
198264640
196478720
196184410
194271975
187776450
187427120
169654689
169653797
169652339
169650946
158311472
161326413
162282539
148568546
160369227
160364114
159175120
116102828
157681857
116105108
116104790
116094315
85773608
126239119
157069001
157065174
149932842
149739144
28809996
28809664
28805705
126729834
118171342
118165698
83837101
83756694
83636557
83635987
76580269
75761718
255531147
255509708
169408451
110674152
110673242
255503313
255346703
255345466
255342950
255333140
255332710
255329802
255328330
255325248
255324020
255320412
255305505
255301845
255301125
255300443
255293371
255269212
255264747
255256043
255255459
255114691
255113958
255112518
255067754
255064519
255061688
227193308
255037857
255036634
188500715
188497935
255024427
255023806
255022987
255015990
255014171
254991600
254947213
255006316
152928096
16131319
16128161
254881081
254879018
254874916
254852750
254834672
254831555
254795441
224457280
189495786
187927964
187927907
49183166
42740463
42738674
254780915
217499641
171851651
83658631
152978896
150840619
255270771
255257371
242258124
217965780
91209963
157065437
198245876
167039432
205329162
168822029
167993394
167552961
197938824
197290408
194421693
193068249
190901233
189405441
189370084
142851344
239596402
151221250
225724709
221137747
168494869
168494810
146348102
77413467
57638179
197285837
6739658
9635530
18920589
30266058
104641679
76564134
76564015
18920539
255256976
254832791
242232164
242224467
13559858
160901906
160880069
156905298
194466745
12141291
253990597
247537761
87126819
125974208
161509662
91211672
49483675
166854153
74268831
125714344
114737302
91073246
27361627
255306684
254721066
252128322
251854584
251767795
231273818
237505754
67641782
67640455
238521253
235000426
229883763
229798484
147849034
123960487
228943621
228912091
228908349
228904608
228805717
228803899
228792651
228785697
228778114
228700043
228673425
228601685
228591481
148240495
124025419
116630109
66392074
166155180
227438578
148241509
76788872
49485859
225932699
221210671
221206005
221203333
221196664
221179229
221174759
221174545
221174017
221171992
221169627
217425506
217418341
213968232
213924744
213923281
193062931
162072705
167463943
116102724
27359600
62529237
62529184
5725185
110674456
227192946
254557834
254556516
254556515
239625917
239631144
254193322
253581762
224826307
251835036
251834562
221638594
239520147
238916074
238916066
238871568
238027431
237878673
237804501
237668797
191639539
191636890
157694234
157159826
154253085
154253045
154253044
148245159
76788100
229315003
229304660
50914473
126446117
76817804
169829194
162447724
160900742
227975626
227956391
170759234
162138487
161510811
161510647
161508525
116332964
116332963
197105405
197104576
83644487
227857964
116495198
83815257
76788869
70727333
118469626
227518553
159903300
46581271
227349461
227186411
227094324
221738270
221728189
221727682
221724318
221723403
222147868
222086870
222085955
65320969
119951276
222444310
222442282
212558036
82656956
196479044
196478825
196026798
194017310
190697002
182381402
168993682
168214681
168204436
160366326
157682551
124290954
157065506
151283065
151281177
149934701
45593716
46449990
83756651
83631777
83631114
41583577
255532607
255532503
255516332
255348447
255345591
255327618
255325786
255321582
255320301
255317256
255302781
255302277
255297196
255295292
255264014
255263854
255106248
229360258
229360223
188499824
254992617
254992610
254974525
254947774
255007385
16128299
254879737
254876534
254794580
254791485
49188277
49186461
254818012
254788134
254777363
217499098
171851791
85701396
123441974
168992515
168991829
142853476
148609440
56692593
9632511
223697715
540749
221639650
170783656
13095861
82471144
255053928
254990203
254780384
238525124
94552621
243061086
126462634
209751514
209751510
237875715
207858258
9629673
28899664
27366866
169829139
91209256
123965542
227008490
226199966
221213146
221212442
221210748
221210413
221203916
221200630
221181705
221165810
221165560
221164509
217418915
217397515
196187756
190685428
168798336
168774359
153223248
168994457
168992777
168990509
157077580
157065331
153215384
149186450
28807916
91070830
85823306
255535653
255341849
255108332
254557805
254557626
253974216
242391146
240850406
221641164
221640609
238917726
238787218
238759365
238624880
238026063
237878540
237875257
218898193
218897520
49243584
218693651
218692427
218688061
157964880
157692142
157691688
157161797
154251210
229524772
110640532
56412507
224467427
183177678
183177003
153997253
21903848
229080292
229012421
229002422
228994862
228979669
228979668
228816435
228789605
228786591
228786590
228780064
228752775
228739956
228670127
228667614
170079822
116629228
114049019
74310807
28900081
16765879
198245178
169829964
169829162
169828212
169827658
169827316
169826568
169826372
169825789
160900181
150003462
197335020
91211606
227886828
78213437
221735413
221734132
222082365
219881592
83575448
83574910
218372782
218359535
111026847
218545643
218544918
218540647
218539854
218539335
218163517
213615796
212556186
208821952
208734905
188028096
205325441
168263462
167992689
197243677
197211234
196477376
194470866
194423753
194416751
191167031
189379162
189337594
188495075
168778149
168777706
168774504
168994452
168993909
168993897
168993327
168992617
168991480
168991117
168990277
170776014
170767088
159154366
166157384
166157380
165939399
163804092
116101607
160364994
116102717
116092967
124291324
144900028
151281266
151281180
151281066
150964810
150423661
149932638
149746006
149143285
3337016
117561176
88787604
83634022
83634021
76583076
76581567
76578261
74490812
56805554
25336653
255520476
255517649
227532472
227531104
255331842
255325624
255319629
255298352
255104622
255058703
255047153
188498208
224503479
255022293
255018163
254992619
254991885
254991825
254990206
254938436
254932201
223702369
223702357
223702345
223702324
223702312
223702276
223702234
223702162
223702096
223702045
223702027
152928153
254901229
254872247
254849995
254845971
254837561
254794203
187929114
51975920
49330720
49329567
42740567
42740160
254829293
254823934
254814427
254760383
254753170
217498101
197120268
238801922
238558608
197106755
196480175
218892777
254471210
254239625
254234376
238561065
238525477
126542755
252118898
251856742
15596446
237504936
237509189
237813463
235001394
218773005
152986695
116049201
126695712
123965612
221213748
221212419
221206410
221203652
221201137
221196979
221183533
221178987
221175818
221173719
221167518
221166537
123199978
211959356
183393076
126193003
126166307
150961853
115584422
1616941
541038
28395574
28395571
255534743
255340939
254557096
254046023
113882134
240145753
238926042
238877719
238798126
238791748
238787051
238783413
238764903
238757818
238756649
238749520
238728852
238724839
238717980
238715658
238712175
238705130
238704061
238696844
197316173
56381527
191639591
191639210
191637351
157691816
126641999
33236418
116628353
116628305
116627919
113954783
76810550
56421685
33241908
32474803
217965711
197334683
190893271
190890072
161510843
83816001
83815537
212635929
212635545
89898626
89898457
111025907
81300431
221734702
221724417
221722115
222147714
222086969
222084667
217334981
84779814
212557413
212557029
190713893
190713512
190711653
190698550
190695351
157680574
149178401
148842718
89331998
89331829
87311692
87286541
87285586
87310784
83757395
83756931
76580003
8575777
255531798
255528220
255522699
255521659
255520475
255508093
255344782
255331924
255282108
255277462
255267427
255037413
224503476
255026027
255016276
254992621
254950169
255007409
254938289
254933043
224500344
223702385
223702382
223702379
223702376
223702373
223702370
223702367
223702364
223702361
223702358
223702355
223702352
223702349
223702346
223702343
223702340
223702337
223702334
223702331
223702328
223702325
223702322
223702319
223702316
223702313
223702310
223702307
223702304
223702301
223702298
223702295
223702292
223702289
223702286
223702283
223702280
223702277
223702274
223702271
223702268
223702265
223702262
223702259
223702256
223702253
223702250
223702247
223702244
223702241
223702238
223702235
223702232
223702229
223702226
223702223
223702220
223702217
223702214
223702211
223702208
223702205
223702202
223702199
223702196
223702193
223702190
223702187
223702184
223702181
223702178
223702175
223702172
223702169
223702166
223702163
223702160
223702157
223702154
223702151
223702148
223702145
223702142
223702139
223702136
223702133
223702130
223702127
223702124
223702121
223702118
223702115
223702112
223702109
223702106
223702103
223702100
223702097
223702094
223702091
223702088
223702085
223702082
223702079
223702076
223702073
223702070
223702067
223702064
223702061
223702058
223702055
223702052
223702049
223702046
223702043
223702040
223702037
223702034
223702031
223702028
223702025
223702022
223702019
223702016
223702013
223702010
254913920
254901012
254879121
254854433
254850023
254845728
254832476
254796564
189496095
51974100
254829294
254825883
217498636
217498398
157077392
148723482
172081223
156721310
149945238
117611600
47553916
67852692
171991180
110285763
151358535
151360260
47557767
94555693
116612659
116613011
116648530
67914926
108765680
160859554
158114414
160862841
158114327
68240728
119536110
119535486
116700013
116700440
146270836
166855352
77176066
149949377
149948692
90107910
80976514
149903333
149904915
84509106
85818363
85829921
88791791
117648481
117647930
117649711
146400978
152022798
152022924
154162860
163955705
6118035
169658865
13276793
169755816
49523587
1093666
16503118
5824336
10801108
27349838
149292398
10129712
16209071
13361074
110342910
14024191
579130
94548228
126030734
38199129
52218382
62738614
81681130
16421184
12831109
24985853
3953453
121309265
29342406
29337533
83578000
71845823
46451018
46450700
52348389
57166351
83940968
83571966
71144377
71916836
72119768
74419339
75906049
76882503
77970511
77967962
24052185
6002757
2105132
133909703
50950540
55709835
57224207
57224356
57224286
58760328
91797121
28630422
172051540
14594861
951048
29607363
46019878
85773939
85774399
86566771
86566769
86566605
86565983
86567423
88187238
88187504
119956345
119954671
146154874
146154808
91688035
91699813
126234653
150960415
100172662
160428597
148567990
158140521
158140286
108463165
119692201
109641356
120606040
110818583
110820025
110818189
110825627
110825477
121555718
111148712
111148299
111147079
120587328
167346882
167346868
167346740
113890712
145302246
145305939
145304406
145301962
157914678
159893881
114316432
114553155
166854111
120563321
115250115
115252429
115367772
115422363
115422689
115422508
116612853
117996190
118568460
169817003
160344962
157913523
157910942
157911245
119445419
157917944
157917139
157916047
119950994
120561474
152028011
152030106
158509212
122089052
122089567
123989327
124508311
125713258
125715173
125862272
126232449
126705615
133739397
133914718
145302869
145702132
145308092
146196508
147829657
152931763
149359760
149735779
149748125
149812982
149934649
149932486
151578338
151574884
152934757
153998815
158112442
158113451
159874377
160357623
161403132
162429619
162436858
162953767
162953768
163860541
167352061
167414367
167415423
167552500
167590651
167840519
168820688
167985028
182673074
182672721
169294486
168193741
168228857
168801196
168713449
168715471
168715819
168739430
179352488
169002671
169015227
169017579
169243050
169405956
169637447
169638817
169749417
170175079
170939240
171090271
172069239
172070201
172071259
172072494
177840070
177909882
178465907
179344098
15158
255990728
37956715
158448602
223898444
23455861
220029020
219569934
242228904
124378230
15609
241871884
19745824
220925612
87198666
219567073
227545540
229099129
551771
253986453
29243104
134272134
62637208
160932537
28057105
28897204
238724102
228191903
212560107
19746110
29425031
61806058
207858468
54633625
197312488
227894341
28811391
115343846
88602291
81343979
91214217
38639928
120562758
15602
163931178
94988182
215882786
220915145
61374342
6599326
119383734
189043238
120606009
21904245
83649367
217498665
9627476
192758417
5306108
74268848
125715554
190012313
22855035
66391811
109392405
40218553
119637760
196253728
168798574
190573868
251809686
153955845
150416369
56694890
1550696
12514445
206283008
222435726
9105589
225198246
30040464
107022006
62327123
169346926
198034524
207856773
78363299
212671399
118569028
94970778
95928523
33438540
197244491
53756937
225921551
158522921
113460678
13813270
218290889
190011013
218355732
219569658
157311152
51590717
154161450
224477014
16505601
170751547
116326260
83310618
193071335
204308021
220920024
242233453
72537680
61563895
217978903
116741510
40787053
146230041
219675878
51872299
431192
227951069
76574598
34486044
241772755
18478717
31618358
20805943
28898923
34419280
219567921
19552943
240268273
159146222
226819395
31415757
157884971
28897796
37651513
29424972
40795462
71065038
227358324
206287164
145846816
238698356
237653460
431193
118502502
71900480
239638085
91700906
48697531
109521835
206710243
238801841
66391486
160213690
197303471
176120946
222825051
227975611
9627454
120562156
225039392
222112386
167855067
62288567
241367901
241239914
12719019
50119620
9313020
170756489
255266264
256027841
17427851
115258333
199580621
218522240
94992064
156564217
219853114
133162
34419245
145319627
170730309
40950129
209871265
66732761
71902152
117530305
114337922
196204857
40787042
210149467
124378226
189494642
217964665
124270649
125974238
58331428
207857193
40787065
190572364
15606
54633619
126010997
203454751
90265123
37962766
66391797
120564044
227352456
193201425
40787038
254951669
17313257
579206
227498327
149408170
206590675
15603
28804996
227351106
209808767
854022
50059537
116100919
148555111
228676527
115421466
123194009
194100328
254352901
40787058
40787048
255334715
228870509
32453514
153807019
223898132
187939544
253581967
194100566
9626346
40795460
2529380
58532947
854056
12724301
21107784
114226738
152027767
119413660
83655371
114337608
54016637
157844259
119452734
59479875
47017942
68126444
154155026
56542770
57161660
113885429
163869527
37700336
18161227
29834293
151561035
167057894
125618734
84691109
171998272
126630218
146315590
146326664
35210601
126389209
172075241
56523406
123997525
52307188
119768369
114336163
77978959
23013261
71730788
168269702
121889177
116095065
110284835
56315865
77545172
28202751
90970724
29293904
124514906
115370364
71038669
166201904
19888295
169752295
115253590
109699146
157076157
13272524
119908266
167462211
182379006
119672552
89516299
88820857
14574491
145555848
116741832
116058857
170123413
12720387
157074608
182634421
148833959
63255667
157802861
87135969
85819470
60474102
172075759
158306273
57223404
116093164
115931228
63255666
118167857
83848541
169886013
179343096
145303132
51460166
126638974
146232325
23498921
149749461
67915640
75700616
150953760
124259328
160355728
73967698
17384302
56465985
126638393
148699589
88782215
76874385
60472115
91691523
37200788
28271093
121555298
22137046
120613912
119463382
89298610
6522930
94731006
159874348
168691891
95108922
147762660
169811611
183209117
157075214
90821536
94730796
145961460
23128951
90334815
159172341
77995703
116059211
70832463
67912476
56677743
20378673
71915136
46448731
110340117
149750149
30354433
183599505
121909969
145688686
154797774
170655726
161581988
118504726
27696424
109701707
89087850
151360065
55230827
119446163
90310321
157404342
53127380
152069987
119902351
126703045
183577204
126715072
149034534
117579831
159882865
149138491
149903490
29610378
159882979
74420707
87282787
42735838
160428345
161392772
91798229
21108071
56380938
118002029
171910991
111150702
94730745
157081763
24377869
149018474
124510202
60492965
119955502
23487158
56909576
58418748
85694467
121588336
50839810
111153025
157698979
145690875
56678346
110282715
171910723
169637907
119819364
60358
99038286
147788
74057284
151366521
171192792
48429948
91696484
150953761
183225200
89302776
56473475
77555100
93357763
110825750
171990307
29344636
146144304
168765406
148871269
108466179
93353835
113578985
124259252
91711282
89083736
56808623
119863652
158603256
110743600
114334107
46229188
171991072
120587202
155966189
23499052
33633491
99037136
167566600
67784515
161404847
83756726
41818521
72495055
168993846
123960813
82409403
68239722
114548099
91202780
89285297
28807373
89293152
68352059
84389138
166007143
157680476
57225102
145563934
60469440
73979610
149936375
78497256
42562445
78363564
169158358
122087648
117579042
151561035
16423093
150013859
134272307
159129757
157844663
78219190
145556695
149815327
12719019
65302888
77976230
160364180
108466179
83755963
52208096
7269910
149141286
101443686
167598113
151358909
116610097
163259763
89516870
120866684
68352436
88187242
148573119
92394871
115969531
86142514
71915660
89269931
32263126
91709762
1573497
113884868
146348072
119374178
119462732
119374181
94550404
91187183
98990250
119613614
179344458
85698376
119524712
90439987
78167437
56473475
121884005
150027608
442473
68345168
119373614
121903020
115948774
114338639
171990970
78218941
170715561
46447764
20904666
110817925
177839507
158108188
47553697
4521269
157847180
78610171
39722049
151563716
167568380
124493194
83633143
55772966
152026897
121900268
3242403
89303073
160367268
119959534
161329634
56380544
28925657
115971149
115975448
159889990
166085401
107837497
16604142
150014617
94553159
85680328
54658563
114334642
165973117
158109985
76874953
33237684
57017176
108463855
167597083
116059064
2982908
152027259
118193743
154161061
15789284
149938122
158111445
133909661
77544116
157698979
84682123
148843434
4456854
153998749
151583410
109714334
114553622
2370483
156566811
160349999
116609444
114341992
148831165
161324736
149793959
109699530
56543176
170656408
156192669
164663911
157322238
166091108
150030737
168715558
160750
92394202
149387325
112790054
151365123
7245319
62114684
150835559
121589921
159879544
116102847
91804130
155212682
78218545
159876637
115911750
118170701
58254760
149951222
91712965
170292254
167416534
84665351
72118404
19917548
169888735
118682266
57639539
39948
68196580
44982293
183178458
142851941
119949078
23126777
169887207
24344699
152030148
161398263
150419679
94545802
59480822
161325849
67005116
2330913
146402112
152072733
121911891
149692230
126235895
85668883
33414636
55231456
124362594
82394526
123995811
62857535
116105115
77546403
162571
217044
172076043
2621835
63256186
2760956
55231529
98283739
157913020
45600792
119767471
160352760
145691338
117613729
82394544
84373199
83757424
78198119
89516299
115368242
119461326
29343070
5459101
50839318
149137231
41017550
110764024
117647710
71915536
71554103
46200513
56471138
148552328
146193073
68195261
47607186
55231364
62426265
123223481
92392526
116226045
91190519
167949467
85829576
55733906
149794033
171990301
84787488
9885425
46438274
150841281
152979798
254753572
254988294
196174091
85776725
238522456
24374144
21623369
229098298
51978180
198247340
254970902
67856393
253561498
188499170
72117422
157313980
145268452
226844389
149361010
83631209
251789454
170726486
255508659
158424290
81169676
225010990
255328744
115375303
114739827
116098756
183985129
91793078
238917542
255335582
157964189
110339631
189499021
29348444
212558087
196245318
218437604
255530125
150840479
171696451
154157189
255058858
85858726
91209611
228652410
255533061
189345578
255111494
116619019
166365381
254761647
255108842
239908473
254994794
126695880
212556179
218542710
255505264
168701457
254951540
194419440
197316548
238547723
95135719
221160901
145298967
254951135
229246941
66766373
83643711
255067626
240850127
229702424
47240
227532304
158511290
255506688
255105651
254161824
255114113
149820426
221161923
21673997
255113770
254780545
209499744
149951681
67852668
27366399
254880813
251855010
124026596
183985430
149810612
116629801
56480227
255510303
3135220
163859118
21672808
91074229
56751013
124386574
163260699
221537447
149228780
227322761
27361855
158308323
89084906
78188784
27367877
123199957
157844129
206710269
89344839
110675608
221178477
172036287
126646896
77994985
116511422
196156811
254882013
255273162
255255936
254995214
254947620
28415738
183174404
71845869
10175776
255344085
223939475
239787318
211960201
206709617
38229145
255507784
83757764
219681826
116098795
157691029
255050601
37520878
218540611
229363227
149174844
158333821
94499746
123200351
255317944
119861924
83644433
27364857
124893939
52786481
238789748
124508630
160900697
224418681
158305827
116627557
219995571
183980469
83633317
254556941
160897716
254525278
218898886
188528138
124382351
255338711
238624866
119774722
149191340
126239360
154156853
239930940
253510815
91186302
255002869
221722385
116618351
49328755
212637051
254041066
149357016
163751621
88604924
223040194
197336370
169654188
189494535
157913239
83648621
227078306
182415307
254785333
149931836
206707528
190698331
160898942
118574054
42737555
219681920
126241339
162145882
183176613
28897788
194309047
82523987
148500652
15606169
42524886
146326466
255329922
49473821
145205004
145557256
255015909
297898
239981925
240850867
42735854
59711887
196232562
188498410
120592804
196479570
183984876
83726454
168334971
116097462
212550718
14024161
153955346
116101582
237751265
254804707
27359627
223894246
116090948
255256591
126657176
83593444
255526230
254805167
253510840
22298949
169826770
126640550
4587717
221738169
2564655
65320673
15610666
109648702
84326048
108803762
172057247
116050701
46908140
99081267
116670904
107027074
107022799
67918025
71033073
68551885
116749387
115359474
121727581
77408921
115526483
77956213
77973836
77979453
90425915
90425276
120600303
146276912
84319437
84355954
84687062
85703917
86136268
116754318
121998063
117929329
148262743
89097486
163943010
154244128
7524986
5835008
3776043
27381855
23097707
28868037
15603197
3157678
15799948
13474543
6014832
17549810
5834935
15793723
27381766
7479078
12408631
15806395
3287788
2495156
27380553
33861251
38174811
42521904
54310423
50120960
56475753
56962489
56965469
70729166
76057545
83312333
16764624
24215412
16764786
20091893
11467870
78355514
77456480
77463076
42779533
73541974
46579101
83589813
153127847
52079789
73541453
56414292
61398350
61808036
62003573
67459652
68165258
70729146
70732101
72096893
73540677
74312993
75676372
76810734
77456313
78060112
81176595
82544318
83319377
81886514
81907719
86606151
91773273
91792851
118385045
81902234
29293418
4210427
81907513
22796226
29293244
3617915
13509249
22252814
34017038
38174605
87198985
49072901
74317421
66801987
66967861
78777863
89473978
91199827
91684040
108800763
108801327
126437529
94267688
152987322
94471273
94540849
97954492
99079194
119946794
119945660
109080212
110634637
110632124
111222433
110931994
115502485
113867778
115389268
114772037
114776732
116253259
116248782
110735255
115374976
116075815
116332754
116748608
117620395
120434767
117956088
146307883
156741176
146310007
157959997
157962632
119371714
119498671
119876463
148269634
148269790
119874237
120613149
121605806
121945065
153802378
124109535
124486144
124488319
125718834
126131460
159041795
167034271
126645211
126652054
126663653
134099910
154344054
139389473
160902626
146184236
148240950
148988370
148705998
148663959
148755888
149390499
149276617
149276876
153837793
149757850
149912010
149912660
150392012
149783461
157377147
154282161
150424588
152981286
152992792
117188579
117188529
156719769
156719036
156631543
158431278
159149057
159900347
161506666
163768305
163739324
163727405
156592771
162448128
163759294
163758053
157689326
164374897
157061440
94449535
167361629
167622512
167404374
167569146
167570658
167581865
167616605
167721884
167953224
167982358
167986234
168187320
170740610
168213506
168224365
159123929
169830755
170017682
170727086
170768874
170746715
171057505
171322256
171321990
171317802
171315793
153962950
177676461
177666892
182677905
194412608
242392141
197095105
197363628
229162604
228950441
30260621
15926067
147763322
94542604
252126074
252126065
252126009
239796260
206711260
116512600
30256858
229185421
229026037
187731406
161509260
116493525
163260732
163260506
163260094
163260052
27361565
126010897
255269260
255260395
255260394
255260140
255260037
188499260
255026084
254900750
254900440
254900361
49331956
254826010
254821074
166086552
93356260
49177229
254742601
254738260
254726066
254700774
237732127
254452601
254260987
254260652
254260613
254260507
254260406
254260172
254260088
254239280
254193260
253972604
224826015
220926004
253733260
253726003
253326016
253326013
253321494
253321446
253321438
252126076
252126056
252126024
252126018
252126017
252126015
251855809
22535169
22535099
22535003
22534830
22534665
22534656
22534353
22534008
22533998
22533857
22533733
22533726
22533635
22533411
22533130
167002608
242260966
242260670
242260643
242260633
242260519
242260323
242260198
242260141
242230909
241765260
240863598
207744605
207744492
239826047
239808981
238900255
237502942
238765163
238765099
238560991
238560990
67642505
229452602
237509889
237509888
237822260
237666049
14026044
235002608
235002602
197096766
197096494
197096311
197096107
197095824
197095233
197095147
197094846
197094578
197094310
197094183
229859601
226098448
226098417
226098332
226098213
226098194
226098164
226097752
226097737
226097387
226097213
226097203
226096729
226096190
226095631
226095544
226095495
226095415
226095410
226095340
226095151
226094952
226094039
226094001
226093975
226093928
226093803
226093642
226093536
226093493
226093476
226093463
226093345
226093202
226093078
226092944
226092888
226092865
226092544
182438369
207855956
205352249
197365289
197365280
197365017
197364834
197364630
197364347
197364047
197363756
197363670
197363369
197363101
197362833
197362706
197362484
197362313
197361899
192360545
170021072
158424719
153948260
150017260
148550755
146329260
229552600
229513140
229507260
229492602
87135329
87135297
58039296
229345287
229260891
229260586
158303643
157699260
150260864
150260818
150260506
147847051
83592255
78712600
56312603
30256777
229238840
229199377
229132011
229131595
229131521
229131506
229131266
229126083
229126017
229126003
229102609
229028114
229003260
228964973
228964897
228869161
228802604
228788260
228777731
228726031
228661260
228622609
228607948
228598632
228584471
196156523
119773296
119773288
117919068
74312603
70730633
70730512
32477260
30260331
30260330
27375731
22126027
15927727
15925069
212212606
169826014
160897020
160897019
146307260
120612603
227943182
224373041
224372601
224372441
224372357
224372302
224372256
224372193
197336260
189912606
187932476
171060258
170728577
148553326
148260878
148260824
83312342
159898013
37522708
116626085
73748021
17549263
224371593
224371346
224370278
224368969
224368156
224367365
90020232
90020199
22538256
22538189
22538097
22537931
22537773
22537765
22537475
22537145
22537136
22537001
22536883
22536876
22536790
22536576
22536308
227411260
227272609
227086260
226850260
226842609
221726018
222148303
222102604
126226060
226194260
226193260
226092439
226091882
226091735
226091719
226091484
226091476
226091383
226091215
226090956
226090610
226090031
226089624
226089575
225930068
225930063
225930021
225173862
119372603
149279260
218426062
222098545
221242604
221212607
221212606
221209626
221203260
221202608
221197213
221182607
221182605
221180198
221179855
221176260
221142609
221137802
218173873
217423260
217422609
217392604
215426010
213964403
209492262
163260738
163260421
163260416
163260356
163260340
163260145
208820456
208820163
208820121
208820089
208820064
208819803
206975347
204928260
168260774
167991502
198260868
198260619
198260546
198260215
183225550
197695260
197243452
196186284
194012609
192926091
168757600
89952593
187724928
187724924
168492607
126097515
126097327
126096903
177907260
168482609
171097784
168206598
168206260
170662604
170657020
170656984
169649260
167616629
167573386
167426065
166711394
165926059
165926055
163662608
162282609
148502600
114335226
160362604
160362603
157402601
150372260
149806284
148998657
148715260
148714260
126726087
118593260
118135557
114767168
114766017
114765812
114765500
114765354
114765321
114763733
114763521
114763253
114762736
114762576
114762503
114544831
114544758
114544646
114544051
114543801
114543734
114542334
114542301
114542093
114541811
114541735
114540685
91225176
91224990
89094260
86152160
86152014
85841122
85840945
86151490
86150986
86150926
86150781
85842156
85842096
85841951
85841837
28202600
27359316
57224203
255342601
255342147
255341147
255260903
255260863
255260797
255260791
255260396
188498260
254900367
254900366
254900347
254882600
254826082
254821033
254742260
254732260
254729682
254700772
254682399
218904774
218904260
218901426
218234260
218233260
239626047
237727260
237726015
254514035
254513977
254425260
254414494
254412267
254412255
254412249
254402609
254400301
254286301
254260594
254260579
254260538
254260200
254260167
254249288
242242602
254186744
254162606
254162601
254045260
254044467
254044260
253972603
253972589
15619099
253799604
94971260
94969260
253702609
253682601
94552601
52002605
22535200
22535199
22535176
22535079
22535023
22535005
22534999
22534988
22534967
22534964
22534835
22534528
22534040
22533701
22533390
22533337
22533323
22533294
22533193
91202962
242280260
242260867
242260827
242260163
242260153
242260103
242260062
242232609
242232608
242131260
241662606
241321047
220962904
240081539
221639837
221639831
221639801
221639800
221639781
221639776
221639775
221639774
221639744
207744565
207744513
207744368
207744364
207744306
207744302
207744147
207744146
207743979
207743799
239808988
239797260
239795271
238926042
238926015
238872604
238830220
238726034
238726027
238712260
238700520
229433260
238026077
238026052
237880273
237880272
237875927
237799260
237666033
237653946
197317813
237625260
205273291
197096505
197096434
197096404
197096258
197096129
197096075
197095861
197095443
197095427
197095426
197094895
197094892
197094639
197093713
197093541
197093263
197093242
197093115
197092955
197092737
148288528
229873025
229852260
229850260
229382515
226901260
226098352
226098326
226098269
226098205
226098093
226097937
226097606
226097553
226097466
226097352
226096876
226096819
226095766
226095751
226095531
226095365
226095276
226094713
226094656
226093958
226093893
226093829
226093825
226093807
226093756
226093725
226093543
226093453
226093410
226093329
226093312
226093286
226092935
226092786
226092785
124386091
124385885
124384850
124383522
124383259
124383027
124381235
226226007
222526094
222526082
222055260
218532601
218532600
197365028
197364957
197364927
197364865
197364598
197364384
197363966
197363950
197363949
197363695
197363418
197363415
197363222
197363162
197362236
197362090
197362064
197362000
197361787
197361766
197361639
197361479
197361262
188992608
170021084
166363987
158424718
158424710
157964260
157692607
157162600
152983043
152983041
152982855
148550832
148550782
148550729
119026058
119026056
117619260
91206260
229549535
229522608
229522605
94992606
87135325
87135314
87135312
87135276
29831421
229372181
108467421
229260941
183174150
163841646
163841643
158304475
158304439
158304429
158304414
158304404
158304400
153997260
150260974
150260803
150260239
150260222
150260129
149292602
147848260
133916147
83593260
83592601
83592508
83592329
83592314
83592302
83592301
83592296
83592278
83592268
78713260
52786778
52142609
50914288
30260132
30260099
30260075
30260042
30256812
30256776
15828667
15827260
229238181
229238179
229227997
229199406
229199371
229132083
229131950
229131788
229131737
229131660
229131604
229131512
229131493
229131300
229131249
229131227
229131201
229131148
229131147
229131089
229126070
229126009
229122600
229095014
229022260
228952605
228926080
228926025
228919233
228872606
228837268
228826031
228813986
228795112
228764260
228726058
228681260
228655404
228652260
228646391
228642604
228632609
196156578
196156532
157158238
148240645
126447260
126442605
119899260
119773267
119773264
118464866
118464566
118462607
118462601
118462510
85059558
70731184
70731182
70730999
70730924
70730616
70730611
70730610
70730560
70730438
70730354
70730324
70730323
70730322
62180843
53726081
53726024
53724290
45658520
30262883
30260974
30260877
30260820
30260809
30260739
30260690
30260675
30260654
30260593
30260510
30260430
30260407
28896255
24215123
24215122
22126036
21220292
13474260
228572606
228561420
212212602
209364260
188582587
182682603
182682601
169827260
169826003
160899678
160898260
150026004
228271239
227992600
227987260
227985378
227978741
227082260
224373654
224373319
224373296
224373288
224372767
224372746
224372707
224372398
224372394
224372362
224372199
197335285
189026029
170726076
170726059
170726056
170726003
163842602
148553195
148553177
148553174
148553135
148553075
148553062
148553002
148552997
148552996
110680253
94991260
91210260
148377384
148262606
148260472
109899354
83644825
83644166
83309996
15672260
227898260
227863260
227852811
86557260
86157260
83816260
70726072
37522673
218665354
212634260
118472600
116626045
116626020
116620260
110639260
108757677
227536211
227495758
224371741
224371638
224371243
224371239
224371096
224371093
224371091
224371089
224371082
224371078
224371064
224370887
224370884
224370882
224370879
224370877
224370876
224370872
224370842
224370819
224370793
224370525
224370524
224370091
224369897
224369866
224369862
224369678
224369676
224369670
224369604
224369547
224369516
224369366
224369327
224369320
224369154
224369059
224368653
224368539
224368482
224368438
224368320
224368297
224368229
224368210
224367902
224367845
224367832
224367830
224367825
224367691
224367385
224367384
224367250
158522606
117926099
111025840
111025260
90022601
22538285
22538284
22538262
22538170
22538116
22538099
22538093
22538083
22538063
22538060
22537936
22537642
22537176
22536853
22536556
22536505
22536492
22536464
22536367
16126011
81300052
227426048
227399310
227379146
227369097
227328580
227326079
227326035
227323260
227314566
227311104
227190260
227176260
151422608
221728260
221727260
221726094
221726087
221726056
221726029
221726024
221726014
221726010
221722942
221722878
221722847
221722602
222102609
222102605
222087723
126226036
226233878
226092522
226092198
226092102
226091911
226091852
226091805
226091551
226091278
226091161
226091122
226090966
226090965
226090827
226090732
226090611
226090137
226090011
226089936
226089595
226089444
226089437
226089198
226089175
226089011
226088993
226088963
225858750
225726750
225721260
225163774
118567260
91696260
224596339
223939260
223934123
222120925
218426008
218354444
222454998
222442260
221571796
221369164
212208445
221163294
221162607
154356798
219544329
218760138
218673591
111026077
111026076
218540204
218538862
218536260
218462509
218288308
218174527
218162601
217334260
217326010
217068260
215426081
215426079
215402609
24459260
214031765
213973260
213926064
209526062
163260990
163260989
163260969
163260961
163260951
163260947
163260944
163260939
163260920
163260907
163260894
163260892
163260889
163260877
163260858
163260843
163260830
163260824
163260768
163260721
163260700
163260699
163260688
163260686
163260666
163260662
163260630
163260622
163260619
163260596
163260582
163260554
163260538
163260537
163260526
163260482
163260472
163260453
163260450
163260449
163260387
163260370
163260359
163260332
163260329
163260312
163260305
163260298
163260292
163260285
163260284
163260282
163260267
163260266
163260243
163260239
163260235
163260195
163260156
163260130
163260128
163260083
163260080
163260076
163260069
163260032
163260027
163260019
163260000
163258961
208822290
208820607
208820581
208820317
208820099
208819912
208819791
208819688
208811931
208726028
208726005
204931260
168260862
168260719
168260442
168260023
168260009
167992600
199602609
198260889
198260446
198260371
198260133
183225260
197722603
197626012
197243464
196479732
196226095
196226081
196226080
196226034
196036260
194426009
192810587
190712603
191171052
190902878
190698516
190565340
167774306
167774299
189371844
188521260
187768762
187726015
187724914
168747584
168747583
186697631
168182600
168177944
126097841
126097699
126097516
126097494
126097223
126096818
126096339
171910618
171097778
171095272
170667504
170656950
170656949
170126068
169651567
169651260
169649913
169649908
167826098
167467899
167399742
166012260
165939260
162281968
146399260
146397397
148570456
116226054
116226026
160365647
157844759
92392606
109702607
116103117
157074577
119695533
157682606
157682603
157682602
157682601
126243167
126241260
126240148
126239491
124292607
124292605
144899260
78038262
156232605
153874350
153826007
152072604
152028285
152028282
152028245
152028233
149912607
149912606
148998608
148998595
147926093
147926078
145960707
142852939
126726094
126592606
126520260
123984260
121726065
119503989
119484778
118174260
118171710
118171706
118168363
118588852
49239647
2564260
117562608
115362607
114767142
114766919
114766915
114766869
114766172
114766077
114766019
114765852
114765847
114765819
114765552
114765527
114765499
114765352
114765250
114765164
114764759
114764692
114764447
114764255
114764169
114763675
114763594
114763422
114763300
114762889
114762312
114762308
114762293
114762254
114762219
114545278
114545243
114544930
114544926
114544911
114544499
114544098
114543960
114543874
114543676
114543321
114543203
114543014
114542892
114542808
114542439
114542385
114542332
114542145
114542120
114542092
114541851
114541846
114541818
114541737
114541632
114541543
114540915
114540897
114540893
114540704
91069538
91225491
91225169
91224858
90418108
88790260
86151914
85841022
86151835
86151566
86151121
85842291
85841464
85841195
85826051
21623260
24377260
84375351
27316260
77172606
76583132
76582609
76581786
50902604
5713260
255532229
255526086
255526085
255526084
255526076
255526019
255525674
255522602
255518584
255512990
255512260
255511260
255506964
255506962
227532608
227532554
169407849
169406849
110674260
255344260
255338395
255332603
255332600
255331260
255326088
255326086
255326061
255326060
255326013
255322606
255314677
255302606
255302601
255296260
255295260
255292606
255282601
255280705
255272141
255271260
255267260
255262606
255262604
255260937
255260911
255260894
255260884
255260835
255260817
255260792
255260758
255260719
255260695
255260636
255260610
255260600
255260599
255260569
255260559
255260504
255260503
255260404
255260382
255260372
255260309
255260160
255260090
255260046
255260041
255260039
255108627
255096556
255058260
255053260
229362602
255030655
255026260
255026077
255023260
255022604
254992608
254992600
254974260
254969754
254968522
254948260
254932606
254932260
152929760
152927109
16129260
254913260
254911248
254901040
254901021
254901020
254901015
254900820
254900765
254900760
254900757
254900756
254900633
254900613
254900590
254900560
254900447
254900414
254900355
254900344
254900286
254900282
254900198
254900192
254900170
254900168
254900161
254900160
254900083
254882608
254876550
254872605
254872260
254853258
254804379
51974260
49332600
49187008
49186260
254829260
254826080
254826036
254826032
254826029
254826026
254826021
254826018
254826017
254826008
254821023
254784832
254762606
126105730
240850447
197092446
238798146
228804596
116094851
116609374
218549011
217966251
83643281
204323071
168779283
254393549
170079997
139473393
148378735
188017200
18462567
114551445
7339947
38229145
66396413
118430560
116583517
108861429
254409873
118725117
255519345
24054469
67639755
229863376
109521546
46358712
197089440
114740591
114740219
114737786
114737478
55791784
133873970
15879
27362084
27361581
27361364
27360806
27360387
27360343
218231958
254163951
238562173
238525472
222824363
124516301
252127749
252127741
252118424
252117417
251853273
251766993
243064859
243063662
243062346
243060409
243060396
167001911
166999495
157914271
239801326
237505283
238563957
238562474
67641677
67639848
238522890
238026420
237508975
237508137
237812291
235002611
235000587
235000382
235000117
122087526
220930408
192360504
192360107
123960352
229068311
228823903
228763105
228683526
228610730
116629822
66395258
27367206
27365594
26988703
24216802
24114578
157325444
157325395
153953971
29135129
225422335
194397595
183220089
116871430
116331552
197103521
227886463
163848660
46906940
123966408
123966140
123965838
123965544
113474024
46358657
29565947
215303
226199101
226197460
226195457
226194763
226194263
226193872
225934972
225934703
225932708
225929527
225928545
169886735
221322701
221210846
221210759
221209896
221208980
221208939
221205342
221203525
221197974
221197407
221183908
221180963
221180084
221179620
221178837
221172958
221172890
221171776
221168181
221167532
221166642
217425207
217423514
217422103
217421836
217421025
217396249
217396109
217395618
217394616
217394517
217393704
190612136
190611904
189085852
206600037
206282922
206287421
167551870
203457435
203454675
199589420
168487892
194150861
190687713
190686814
190685809
190685051
189376706
189018473
89512480
183508456
117165952
167843429
113887546
114315660
157076899
157068621
6723232
154155693
149811565
126577292
126519652
124120874
119484322
29895580
83726675
59150002
56798863
1834375
56544434
18147163
255342492
255342339
255341389
255255222
213012518
255020999
16128244
254780711
219682434
81169747
254708312
218905900
218902706
218902127
218901351
218236134
218235037
218231360
217960313
217959323
217958294
217958279
217958233
209919129
163857680
163857232
163856946
163854540
157911286
254556339
242313495
223674724
254516063
254285290
254259070
254231811
242241731
254207809
254198542
254195941
254193394
254174834
254162755
254161207
254045845
254044977
253801021
220923289
208433315
148718973
17431372
241904254
241899660
241761525
240868757
221159686
221159041
221641124
221638746
207724501
239507036
239796125
239795966
239794750
239794456
238785159
238754918
238753329
238751103
238725034
238722284
238722002
238704521
238625083
229449374
238024957
238024542
238024485
237880606
237880243
237877816
237876118
237875533
237875038
227091967
224462730
197315992
197315407
220675050
218899351
157414946
229745675
226899719
124385291
110806604
222054660
218700703
218559689
193216679
191639719
191639187
189349615
189022806
170746851
166366833
166364081
166363573
161831283
157694190
157691555
157163349
157162345
157159617
154252652
154252169
154251441
154250558
153948386
146319561
146319509
126640139
87134066
62317678
62289939
224470928
229354966
183178427
183177572
183177282
183177263
183174440
183173731
162421460
161986359
161985881
158305359
158305272
158304940
146278945
116513054
83720651
83594300
83593340
83593323
83592524
52784461
30253862
20516875
15603169
229181348
229157759
229142893
229138972
229128955
229115309
229079555
229061684
229061496
229056207
229042546
229031471
229029860
229023644
228991755
228989319
228981778
228965926
228964840
228948947
228900929
228895807
228889778
228874621
228852066
228839431
228838623
228833739
228832028
228815836
228761498
228727790
228726835
228709138
228707697
228699790
228675545
228664941
228662614
228659251
228651017
228634706
228624192
228606549
228600576
228600112
228591866
187733689
187732995
187732384
170083040
167033689
167031498
161485853
157157689
157157179
157149559
126447542
118467102
118465682
118464586
118464183
116630128
116630064
116629773
116629484
116627823
116627524
113969455
85859850
85858419
82779587
77461539
77457850
76811224
76809877
76808967
45656065
30265163
30260274
24113900
212218896
212212537
212211899
188583669
162447492
162447441
160900443
160896348
160896329
150010262
148273804
120610137
116618952
116618795
74314917
227978172
197337669
197336677
197335917
197334194
190892702
190892579
190891055
190890408
190150845
190149958
161508378
121608269
121601896
116873952
116334022
116333336
116333102
116333004
210135405
197106677
197106642
197104303
187734472
187734279
124110933
83649669
83645236
83644213
227895174
158337958
116513363
116494203
116492824
116491834
83814640
53711429
20806684
212635862
212635859
212635027
212634657
212634003
183984922
183984172
183981577
118473544
118472802
118472072
118471032
118469396
118467945
110639235
15606302
227557095
227548971
227499410
113477595
78213926
78212560
49188543
21672378
15646084
81300908
227241733
18466565
227114543
227099349
226941912
226939648
226904352
226904256
221739636
221739513
221738207
221736908
221736902
221736603
221728197
221727784
221726694
221725675
226715667
222150231
222149720
222149280
222147637
222102579
222102348
222087302
222085812
222085136
222081975
210132580
225304728
225172351
224993332
224924239
224818793
120595504
119948486
83577038
83575766
224602243
223585783
218355326
207107922
221572137
221369401
221319998
221163370
221087936
221086764
219688855
219688853
123197830
66572843
219947896
219675638
219672425
218757496
218139461
110823819
218544590
218543243
218542545
218541312
218541022
218540291
218539835
218535882
218534961
218534849
218169929
218166852
218162999
218162304
218162016
218160813
217335202
217334869
217334291
217333356
217333163
71845580
217067174
217066875
217065559
217064445
209976892
212554823
13425364
33565612
3355674
194597589
194597149
194597121
163262125
163261402
197086673
206603154
206602039
206569576
205347033
197710649
148531110
118201826
196479716
196243249
196181895
195867386
195634279
33575966
194432237
162568585
82944153
192927108
190712343
190712147
190711459
190698224
190697412
188143180
189406084
189355681
168763949
156081378
187725823
187431111
187430025
187427146
186909457
157386237
182419361
182382183
170702489
168213250
170653552
46850226
169654885
169653255
169651520
169650298
167640394
167563662
167346744
166857503
166008645
165937335
165923302
117956897
163796347
163668475
90822123
116101096
116100953
114337142
161762733
161761627
161728722
148570347
108765164
160369045
160367408
160366956
160366706
160364439
160364300
160364070
160354599
15159510
157844605
157844571
157844391
72123488
119863522
145573257
116102779
116092386
116092051
157683023
157681884
116106065
116105444
116100121
116099652
116097039
116096424
116095060
116094345
116094042
116092980
116092694
55469678
157936129
157808740
126241034
126239913
126239213
124293616
124293533
157362195
157081426
157079298
157067192
157065890
68347284
156723174
156181408
144900356
144898984
154156770
154155178
154154514
153874564
53148439
151280347
150425501
149937014
149934944
149934169
148982384
148868947
145689208
73666059
145963118
145272506
144985442
126666564
126590345
93117361
124115105
109455232
118174449
118174204
118172073
118169686
118166151
118164879
118164514
118163837
118163566
118424410
82523938
117562265
5821302
77543317
110682319
110344799
110339641
66967827
94499461
94497295
91073729
91072885
88784643
88776217
85837815
21623239
29898439
41394618
83758070
83756129
83755453
83633546
81242152
78198592
78196849
76580052
76579865
76578453
71146476
47779409
19713970
1184247
25900734
7321315
46202634
23008862
52349275
52348934
52347289
14279522
46371009
38373181
37790816
47093369
37288851
30525480
21262980
18996141
13958046
12964973
1483147
951141
255533748
255531927
255531753
255531335
255527688
255526902
255525953
255524304
255518439
255517854
255509947
255508795
255507332
227531639
227531203
169408431
169406932
169406789
169406515
169406096
169405969
110675457
110675326
110675249
255505847
255505357
255503248
255346091
255342905
255338301
255337328
255336924
255333634
255332465
255332131
255330821
255330597
255328018
255325085
255324063
255323428
255321917
255319725
255318694
255318418
255314840
255314800
255313063
255305775
255305233
255303124
255302624
255294125
255292769
255292588
255282024
255280811
255279160
255277997
255277957
255277548
255275013
255274086
255273612
255270744
255265083
255263426
255260647
255259352
255257016
255256005
255255232
255114384
255111561
255111079
255107412
255106792
255106342
255105993
255104743
255096188
255095501
255065435
255065367
255063250
255063071
255061060
255059594
255057537
255049848
255048495
255047330
253511491
229364996
229359743
227193456
227192976
227192750
255029824
255027962
255026147
255022343
255022205
255021278
255020307
255014791
255008340
254998178
254995415
254994091
254992272
254989464
254988763
254988523
254988157
254985981
254984094
254983754
254981276
254973884
254949845
255005733
223930266
223701547
223471557
223048637
218669366
152930286
152928329
254912395
254884828
254883878
254883467
254882253
254876768
254873142
254854179
254853450
254852492
254851543
254851137
254850395
254848466
254847856
254846822
254845473
254843519
254843261
254840628
254840378
254840177
254836056
254831954
254796851
254796620
224499194
224456308
187928290
51977965
51977624
51976228
51975252
49332746
49332715
49331739
49331576
49330150
49188230
49183600
42739405
254827091
254823907
254822560
254821906
254818354
254787433
254787359
254786467
254786409
254785375
254775955
254775716
254775627
254773886
254761485
254760915
254759663
254758624
254755691
254753321
219997552
219996590
219996294
219994767
197118289
171851566
145554942
