108794932
183575211
157320868
75513084
168484823
117570987
112361321
13936697
118166314
17981832
84468511
194100351
51340048
30466080
115343970
1019794
27452824
3367677
162320085
17981847
166836324
162433527
189360153
25013923
75209336
148842139
75514149
119927464
261257
334747
29344069
116235574
13660702
30025919
33348134
169653880
148283145
229314308
77380110
206709180
166241039
150028374
85696258
91799857
74420606
6318275
169751878
194428561
62114785
255652307
162432203
115345242
324638
168713009
149777875
194100295
189372432
66473281
825745
95132022
27888118
56418252
321506
148888577
68196251
33438536
112523695
119225828
161176987
40787050
115517859
114334146
49617020
30267960
61966458
116700314
4240569
151945564
148734514
168475398
62179787
61278
168722238
163262470
168196555
29570246
238695318
77745198
150961594
227438487
110225316
183599078
119821453
33414826
157811928
104345833
168759219
397004
585547
14253137
22726512
150964215
123434262
71913273
29290080
52695797
217973742
46449994
222306
146336844
126387520
335152
167420450
310991
167991617
74268811
58331489
25809042
156186677
20453813
189426975
49613176
124117050
4494929
197935886
52695793
167882541
4894651
161985578
33636116
157165782
29366759
49237918
47826321
52139849
146317349
157682281
18028554
59797320
91804901
32351083
7288157
86553137
168790437
116007052
51340052
329380
52139907
77539376
92117902
7341205
138848
253989765
52139851
254832788
104345868
216058
78485040
1588892
808787
227186689
3273490
168826486
163562149
159873205
33340419
104345830
10802904
39598717
20520647
168476679
126709889
192823835
32453645
160861527
58331373
30270044
217065751
9634136
168796425
161389048
61374414
395178
112144516
151942322
215811
10172609
12025129
71040837
190688563
228850
162319861
18028742
166836328
117989718
56237091
165924579
168772007
156722407
33621125
150373314
119376211
221545
92116439
110613846
226002
117982753
21106613
167821695
170776362
80973810
18028645
119964686
1131467
152963506
164708719
255308832
116094918
162354141
562313
168722219
76883659
89044996
4583411
61806003
187939525
194405818
67476320
154162492
254211688
152926910
145300696
58532913
123988732
27125642
183226292
134132068
114334153
156234111
42794932
168799018
8247233
9634139
38640241
42543835
149796726
33469723
170121877
61660427
2653342
149812442
265043
157320874
168138785
166157363
71732554
210361
74420547
126361424
33469703
62798737
91801688
168753034
49065039
2828718
8671382
154721191
170662007
193222872
47232470
52208229
16765913
94404
169755691
218156843
15895161
4416341
170601448
154622825
34304541
1020193
116178622
77979295
115345252
167900120
170661382
13362430
116875666
161017405
124021701
94552251
167824875
91982173
52208226
333058
169009187
28057087
18766347
110342954
113200635
126217911
123203882
193201444
33331072
147907864
242376657
56378917
161401145
159891553
168136316
15419558
194412490
124511131
59897270
76574421
118201954
162320171
93138903
50903428
187723163
1869828
134277201
109639431
77975667
121309177
222671
30270047
160356060
162319817
168790507
110798295
397067
62766616
117985479
254411287
476281
162429947
170788909
89212784
210410
90657212
225367
160368478
228673420
121888124
111038316
165968045
215886
23013869
5823763
149380755
171098269
486147
167353290
153091368
75235166
90110622
117982751
7800726
522259
145599712
62205
33348007
89242397
66391662
45581643
61653272
7801354
121880257
325648
194453452
4959671
91804739
183572697
116326390
58425929
5730305
168764906
124493678
71728321
134026065
163866879
133930457
82395029
14277989
73665996
114226350
125996741
51340034
168219059
4336272
254785616
204321294
4336283
116102906
109290136
125489195
139259
623089
171909220
219871112
120969344
41582684
559078
20977203
35187449
295322
121904840
4678975
66395674
333278
53748187
113471027
210392
44887589
168476376
51340040
56314602
162950932
61374510
149951584
24984665
845312
49180428
192824091
33414828
12025117
52221215
558126
46487755
33469813
144900026
182379896
169260918
144901107
171909205
27125787
18028740
61806229
229377622
71390182
162319983
1020249
157699746
62288749
91800160
78127900
153094672
51512073
10444111
115512228
18028648
33469707
40787095
254832786
58465279
226222760
210301
22085165
83635286
1302261
54111116
164375401
164663597
34732925
157699749
579125
117989710
161622602
31795376
210348
76577672
108464656
229165341
115367104
177909488
238537954
125996726
77958416
168759108
332291
154162487
1669828
114049776
82410656
66276752
397066
72527940
148727192
16419421
150840643
133902329
116266100
46487885
4336296
134249849
149945826
161621695
1016804
24349073
198245531
82468564
63256713
170321615
6759372
109138126
51949935
58331372
151944456
87243150
162434226
126233341
168722459
334888
108782083
45504655
333912
215536975
139003884
1911252
52801700
167015395
50876471
213650500
50296656
84570659
75257180
77381369
56910829
168825520
91796614
33308086
17226824
51556719
115500816
74419874
170284204
146134292
56160627
104345834
14864
49860707
1488563
167558035
157324907
9309374
6478869
12830919
75177367
150374899
116266380
90110614
3127019
82623631
109289956
239824760
18028776
91686715
90110566
170321590
169751087
21108920
1926352
117985481
168713219
62637201
255705319
87083831
162950936
333318
162320001
170121976
25809012
161394795
254362379
18693035
84376027
157370285
170710648
126570790
6580912
9930109
18677219
158827569
15778427
156549704
225563
87203425
254443604
1296472
24983043
23968326
56128944
103491753
535660
76781668
168732433
192931768
17981453
169117942
418282
85717872
125622599
134022786
396996
27499623
154622817
60117352
40804480
169814791
23495446
193876455
17149027
89891940
110614699
86573619
4336274
161369786
3986147
168257813
3172274
166157361
50914899
77387976
168826972
168803098
157381187
118664924
239941217
397011
82523580
11640712
1020297
157682263
78069977
167876976
227834982
33469721
152936437
15811666
18028660
108794938
254556163
116739342
149380651
61967938
17940706
16033042
167725732
115304374
85824399
167426908
146760257
5002538
82523519
118003191
58536943
159178193
37694293
18028684
254449354
58429751
62114782
186685697
153581935
46449317
60592541
91804895
33469791
59480723
170662063
206589310
147675287
42407626
170662085
227069899
120559833
90568531
218898909
30058726
169749693
121548232
54654592
18027090
2370249
331318
115965267
145555366
5354472
116780487
16303641
66220002
19343461
30973879
61374356
113200780
58003185
82468560
125715198
70955286
116739155
33330448
161176991
123858106
162319835
71728195
34732929
160861523
182672968
149350057
1718070
71149587
16762270
78217292
75208696
209498153
157888366
4469560
170520150
3769666
205341460
228861122
150423466
51235709
170121931
170129375
238760672
166858716
93662
75214401
34014950
161622623
145244202
10185034
10567254
46254661
30844268
150374792
431460
1020192
29467963
149805042
110808251
116266096
562317
27452780
115345246
37651665
150409881
18028724
163140844
113648848
1311567
77995326
81174858
3676461
25013942
1095116
13361439
40787028
228844474
62127421
40641543
19849025
126714505
157067131
67004396
58331490
61966448
9635550
19698440
84367187
156905275
124493667
42795170
91800158
84508783
74268820
238761987
101919162
167840024
116632
110592298
396923
111433584
25121797
75208017
1911387
16923551
2645680
50950698
1911270
2062489
224463921
4426932
139003882
5921573
32351084
808795
227438576
33636106
172053074
66473277
62114788
115344002
58003190
167908524
122088931
160344474
62114824
167055175
121891394
21165652
169751062
84570667
84779343
66395225
86553101
162433091
1911341
115368151
104345831
75211966
149793848
75514394
6759370
126211589
157279518
86372247
218771335
76574418
157890177
12831045
194403240
159157936
153092344
220029201
47419888
171909219
2645237
18409270
167584289
222335
33355603
149806171
167553297
60963
46487759
12025138
167584264
323186
22003435
34809714
77543690
22003443
118197080
16760431
118663183
253990429
110747156
33438136
149380650
146337056
146396916
122088913
110559357
150010944
145588127
167824880
167841684
19033358
662131
34333213
33469643
34101655
148897594
115351913
117578936
1469378
21637075
194021593
28853802
1617498
116058905
7341201
62114781
119658070
396916
62288747
11992088
99037789
164523641
194186887
3661507
82944312
146199107
334403
210859
51512071
129593854
95117660
159176070
2149219
162435377
74420230
104345788
17154815
91800798
151281158
134251103
116105549
20140797
4336271
189337404
47607153
58397461
83658682
126540794
71149522
149359288
5823857
110226544
25121757
126015328
83841346
5725169
38638882
12830984
37787957
46811329
51975292
109893922
396939
227888043
38199096
75259358
220923940
209919760
251837105
75513079
15673031
16421252
66354279
77960467
27888117
1020185
169748980
555084
33469781
17384310
84318834
156147236
8670758
194411149
168790743
3970822
215946
2058470
74272380
4336292
41057369
25121766
22476575
161390573
32453733
220029482
75906079
24106659
177909480
158969694
2661103
462153
205323341
15865613
227068299
34148104
303870
145319996
18028705
33620696
194420289
152928800
112523689
155041958
112790068
146336919
158591480
9625439
121547833
148512633
116750378
168825493
13360286
93279623
84376570
56678860
15553320
165292248
150373306
8953630
144898486
149066495
213980089
56315598
58177722
25083215
161018042
145555363
222537
156601576
218544360
169260934
18677222
77973272
153092848
1911259
436238
149902997
134255024
12830913
84570647
148846204
169751569
168796893
33333746
154721215
157320876
149142434
94541964
72394026
116489964
116698390
169761097
391888
6683088
1929474
11558230
8650452
156766511
31339486
28628264
168757888
34500243
110592294
29243590
52139914
115422415
2645233
116000328
18478733
29650538
146230064
12025130
168797005
152959347
168196544
9181822
34103451
154161715
151561524
22652097
5354251
82948219
23295766
194423060
209758
169153019
120562731
16517105
123203869
82568171
117999091
169751577
118501211
157081371
33438532
7649421
182675499
68449709
62288817
168218993
145708079
88604916
28208787
119373509
126540797
182630666
171903636
158564291
166207948
33413726
75208104
159176957
20043374
77381373
16421241
71162440
148566125
166980899
93280314
157311441
9836487
162320087
162319857
18677198
164663583
66733056
66736476
82611359
121621851
74473549
507885
170658566
3170621
89112736
1314456
161761032
24983824
118003174
170121983
90105323
157378214
47420813
158303740
83650261
91214279
58331358
172046779
118588992
146160680
226843698
115513974
51241740
329736
3168852
120588766
57285481
22858890
126102717
149142330
104345791
81245324
159147103
156145737
24431320
1045054
24983827
11036586
150963683
164414573
170710601
154155312
15191
74268823
45005445
238718088
168134141
229521975
18028673
5059330
65302403
33469757
1143292
27808780
222112
61374675
13605465
119633048
1122321
159147101
168822387
24415504
215506
169755688
48697206
147921862
160355226
58535684
121878476
60650889
168248117
194401673
50952340
162320067
81245127
182630667
115345262
145209999
57904740
71728577
23128964
61563833
126710702
37926492
29378379
169654183
149807095
156147304
14591826
118722646
538409
219871094
254729476
146299020
758724
149777864
149810987
170657867
121859602
29896264
122089166
4928931
3341805
221142391
91982201
254219567
150958183
91716600
49612073
29139387
61374516
108861992
227861690
32469369
56909352
169147662
4757614
91214267
91682903
1296454
15595819
331823
50404028
145320010
47826333
162434218
1096117
170662057
46229545
125715202
74420687
151365230
67084167
166858719
168749688
169751088
120559407
168148895
37626303
167058377
167859226
33469775
167991627
2811280
227090540
148680062
160365102
21616619
142853485
88193755
68343693
304001
190610615
94449923
329360
1429245
6118014
75208767
87159732
49612060
170723201
30314653
116235551
94541719
167589023
149817295
396988
154721207
169758538
124389483
168778110
86553099
115345254
161622621
15991697
167965078
75228032
85070098
2674071
1181960
30040917
27733407
323667
78220831
323697
171909218
167619485
160332560
161390574
149380649
34732928
193244694
38640152
85827073
4019251
163644214
1167521
228861477
54654594
84570481
34732964
164414581
117979435
83272636
148250013
86156039
22855157
62738310
75255449
66276750
48474057
25014032
152023845
29137435
115345264
126208005
66571248
161389050
94483047
33469687
167621392
6960521
91796616
82652600
1480447
51340036
228799777
157928653
82523533
159172276
32350471
23452265
146409995
15895158
85721493
145692986
21541735
167561063
146336865
194442415
146230129
58331371
33469803
116795
32307797
4336280
167054098
106647366
33469819
66276746
25121922
199602101
167565012
1587373
2182092
216065
75255240
84325827
220029152
1090476
170661389
190900593
167859207
197285833
110225306
32350555
157159373
16156209
33469663
4336289
28853822
77387442
167993588
197240624
52139915
63086972
28806597
93280330
2218079
34223751
32398043
160345422
18028718
74312867
37675409
168790391
281221
22087101
62288646
18028650
87203290
110735428
83637421
42432264
12141288
157165783
158342808
78095800
57231822
6970426
121621875
118664477
145210004
167725737
53759074
52631330
1160476
98401094
33330460
46201432
484026
93117176
182630659
167553410
170723204
183224786
50841406
46203469
1293615
254245108
93280394
188522086
115345266
1478126
18479085
30844248
31711680
40787054
150963240
161019004
78363318
195661211
225626384
110808254
14423128
50950697
145588160
183225060
168763141
1017788
150835547
40641547
228950456
22652098
94429054
62529178
160364280
559311
53756892
167593722
21108921
45768764
61653267
134251622
66047817
89212560
151944371
169761109
4494921
171909489
61374493
18148913
138372
2746263
9623306
159147111
120855
61966436
61394123
58534466
109628362
153093420
1095741
138641
74136921
167839696
139262
82523549
170521845
182636892
215260451
304002
38640132
4092063
70608518
157320875
151561513
89268070
328661
56718421
515635
29243588
167893335
83701736
145556041
50903625
2493802
1945377
241909572
215948
71084317
150416387
108811762
168225441
145319994
66391732
116326466
153804198
75239671
71390178
40787103
71388271
23504375
117609080
66391552
166858713
2645692
118134494
9957169
117624123
40769438
64174976
149902258
117979442
158342784
148868554
83587289
16421143
77162693
33469761
149902717
71554126
109642533
210055
50845451
66391778
88790650
6649929
156905285
70608869
16421254
2337988
169652681
963109
60099651
6970425
126719457
1419773
5706699
224546
29343995
221446
50845259
85840465
119376221
171093206
116058906
18028717
229844244
110225294
2754692
18028733
1020208
165968037
334436
19881105
25014081
157419699
153092852
168170519
4959661
31158268
45581611
110285232
177843274
134140486
77956645
23505468
150028067
117066774
7800724
137895
215108
9622295
167584271
167583033
58331479
138669
19849031
21637069
91796613
41764051
10177361
33340447
77745631
98986309
26000690
161610774
1095118
169239305
9629543
14027795
22217800
213922961
57904733
157676200
520580
4336051
169153038
215734
138632
218763773
110564472
34733001
229224240
154982278
32453732
161390515
22775316
21684638
168712730
115394825
51537293
91977470
157311079
167821733
68343686
75257178
2826809
83285063
161390583
150958196
167350306
169804255
161622593
18028772
182670345
161379783
21314572
94546470
556415
7649409
161324362
77957659
169749697
149812144
17484021
15421209
148531367
163865768
164521159
1581036
168996284
145320011
150374902
34304530
91800794
52139910
57018243
940502
1813786
2707911
238898286
73856641
333879
220029451
18857924
1020216
30314125
1020232
74272723
46487809
168995818
227094461
77975665
6581110
2764847
66957901
210426
110725193
151584342
22773786
146863464
49237927
223674031
73747061
61394043
150963103
3170633
1020288
60229
77979286
167841465
18028647
190149771
150416384
198449304
94502741
710405
145318751
146760261
166854145
113887670
13925184
91177744
48474053
251755618
46448950
190610250
85721495
11862883
119225817
91698803
50903415
84779217
118664525
17402420
152032618
28198856
151560717
75259228
255204
124389376
194429905
91796591
54654595
87287196
154243351
14486587
115344057
168478018
91804893
50952338
1502403
117985490
4336310
158969712
19880129
11545666
49458075
71040841
333070
469240
157165786
110751589
45581633
187428444
66395382
160345437
47826227
46448935
116061236
156615831
126103079
59228
1041634
52631344
166836330
163859337
78771417
29344748
93209530
33469691
486213
215124
134247372
167554147
122891779
85696255
169007476
85857146
115281914
53756714
238912032
22775891
162435956
5442078
24985566
167374907
169749725
2389011
61966450
38424265
559173
334099
38324970
170121891
85668365
119695199
164650642
42409908
33469641
15991613
168752632
110825824
71732568
12802570
50914696
2459805
50876894
18028736
21645887
47076375
1911326
38260415
167349878
152025057
145642310
927696
21844751
5706693
396922
83838358
61806281
112523703
146863481
2584820
9629545
76574428
56123347
34979340
46449313
2645235
84028359
153093415
116741517
145270875
22003433
76445705
154622797
109290196
30040493
126704598
61374503
3947458
158332101
122088933
168476382
81174854
194289043
149930448
77381372
78097777
146300895
82523545
62288743
32350506
227438574
2204138
55977202
5738942
108777804
3676528
210305
168802053
71390184
16411757
115345244
146216743
61374390
90441781
82523576
160365105
3396060
157325379
217498874
75905748
31072020
1518828
160357335
148690009
30314123
85717877
89038372
19549001
210528
160429764
167578770
118003186
193506744
29823172
170520454
1911393
21716122
18845782
56205564
940500
166854147
24984678
4530142
77381378
124021703
93280306
50845438
91803691
5823855
58002079
77960471
4336311
108862007
84508786
168476734
80750688
148807415
168784421
142853472
34392780
167353274
40787049
38018422
88191066
126721690
33469809
134250967
168995666
23452262
168772058
3347844
1857306
161017930
18028655
110559367
23452253
27359700
148500296
160861534
27359694
13603731
88863672
119377061
164521165
46487837
166157365
119874805
168821417
71390174
139003893
170139145
149380654
90110607
126719460
216057
33469667
145271297
27552492
397029
167464043
84372302
49458067
115368091
149744383
150258092
55977198
167839698
334999
115345268
168134136
157104096
118580247
74488456
168236527
396931
695329
163869383
51036042
160364272
222449456
56480908
168257801
22773794
151560112
167349890
40458347
32350470
157092233
251754544
168713568
154162490
124492483
159184656
92111064
139003871
170284202
32350475
478235
49339407
559152
34762165
66276379
38641243
13129562
18996611
13560701
123122626
1589167
227517034
14591856
2582502
59897283
68058369
47826307
329562
229498941
134141833
167992482
197215537
217764
125714448
61374361
215974
237320
49037393
32350473
168715686
167589026
170769211
75254903
169240852
108862016
109290133
170731540
127908
40456165
62636985
168148893
33636113
94483050
145266894
84376580
125999999
87622293
126704591
58535951
50903972
51340042
34333263
19547867
115344007
8919753
4996044
156188034
126131112
1497870
75235168
66391731
78127876
62288746
3170631
253686873
55667960
38636461
8953554
33694202
110225310
10198654
51537295
169751102
165881863
33355611
49090341
52139945
167558051
825747
166241024
22137823
179345431
72256344
94983304
25121920
23007982
90961271
22128473
8919745
110684527
182669761
168480617
18028686
148986157
23325570
404273
1091749
110294484
7226348
2745830
21904453
45597269
2645684
167464215
120588917
112180862
154161169
49357174
159873213
30314122
77958421
168802884
218366369
60651729
325722
133722120
153093958
60100161
11141708
40769317
3114545
1136816
9663896
149939937
32350508
115432776
1353559
123473727
67084166
31788484
145317889
82623648
7008448
157955599
49617007
156145731
34811821
126198488
1008395
329577
62114820
82945398
6180069
808786
50727555
53689789
83838355
8953632
87136812
33414827
167777414
83722779
238796828
84779355
3551842
110225296
120564033
61374350
52139918
107016102
50903626
146552031
114215682
110165917
167841681
123470704
34333297
83570096
14010071
15042355
4336270
168722183
40796180
61563772
134138555
58532915
296209
167567113
333435
110808252
109639434
33469701
87159770
52139912
126387526
33469755
21610531
494372
40787051
194303072
46912977
113883025
102994879
71559088
125621737
120969271
19881359
5354216
117609784
120595165
728504
168698656
84780855
148357063
86372241
150961625
223895662
397012
323949
133733990
110349284
77958404
2935672
116739169
99652827
157311463
33469787
148763602
47604909
60651028
534848
255705420
148724484
332163
162432699
104345795
166983442
56378920
3249595
397052
146317385
77389775
13364445
241909424
162320127
6580984
210857
179344182
238898083
755719
49357172
217328276
71390176
27452864
9622268
58220003
157699751
47552846
168721296
58429767
121622017
162432180
332146
121306653
82523590
27549618
112180946
46909111
78191755
2199576
167578772
115422411
93280390
52352970
80750674
9630752
142853488
1326101
111606648
90327256
328443
182682948
13752210
2555176
221533137
38638898
1429240
38194448
84367181
149950183
60392736
33469631
145588125
168481514
237748235
25013924
17384312
41764094
60864
68126580
146552027
162707899
194443117
3075503
210526
61786
70608565
4336284
55977204
170521805
9967513
74038600
5442080
145577187
120595149
22137817
33469771
24987772
221245
51173263
3452051
151945143
396979
222358
34304529
160368998
1019822
157067139
41763995
9634142
22671624
99030812
89305547
67086034
4218158
4336046
157168385
115363557
148680061
2337989
146229759
215536973
88600971
167589017
514392
1431379
87242676
150260069
75259344
146552033
112180888
238695131
84664591
75860262
83569208
46850165
32453668
148912778
27452841
168765630
112523681
6063125
125998999
158969706
161958591
11036564
118425871
3986141
148835638
168784456
182669718
158329626
38456032
61806292
331881
120564032
166994978
81174860
109630580
51036034
29653357
149132608
91803683
13361110
33414811
33469681
169761200
43439822
220029265
56783061
85841453
4336323
58397459
134254966
177909472
327815
27359691
149951005
148552749
1620570
62288759
189022216
30065707
170139148
78210730
162320055
251791583
134251126
28193967
1165008
160363660
1020256
75238132
2160540
50234880
94449908
110825935
42541130
227187713
58901
118201942
56693145
168478909
328157
11558212
463183
42742080
152025059
222524
108461692
60949
46201145
37575119
161335372
134261056
30973878
39576196
84376576
109639433
2062493
117982742
2465149
66269361
85374695
115529839
61374681
12227237
294755
7341204
125621740
2317972
167414519
33569401
114541319
166157355
149229842
66391556
71609026
78127859
535774
52843327
15384364
18677225
78127860
75208863
138677
85841171
94482505
82653173
162320011
5823777
30841458
15419549
168752733
153093431
46487767
46520132
183600788
162319863
114308472
59897271
34850740
397020
47232570
33348151
120559354
46450697
57157144
162320129
108874541
160365700
210303
13517605
24349071
60117309
157380105
30270063
49612075
2645678
145967369
160427612
396947
168771965
22946785
146160678
30027716
33469675
120562747
154155309
168776739
57115654
161176989
158332098
116326394
119821965
41179369
6407402
149380643
110225312
115281895
170723195
1770257
168196537
118138186
71554739
119821456
115281903
88863682
158279915
33338836
25013706
32265026
11993567
1710309
29611990
397036
28854439
90105327
49357236
333710
119958133
90337206
4336058
51012713
167348218
83643283
171903640
32469363
27125771
29565757
99030895
156105761
56542850
170661282
32350477
99652822
13925208
28849583
18920630
37787945
156145715
1502400
33469741
149812154
5453366
18677210
3822326
18076071
120612872
397028
543703
183599090
38424264
40804498
182630663
153091367
147921860
78127897
5441498
116739163
55982315
8953594
182672960
159890934
49487512
4336267
1019919
169658844
109657782
577050
63054313
40641559
5705925
11692722
161110492
163955756
1791354
169147665
45504636
21492648
226812
1262837
98962357
168825504
13111338
28804704
33469767
695189
118421028
159138026
114796410
91801687
118664925
169755682
57224622
145318761
33338626
108773740
168139403
46401663
168712999
218541506
23307801
22417137
9634180
15485473
91796601
609310
213865394
145692992
238695064
21667874
57224607
445593
699629
27263092
862339
76574761
88863675
152927790
32350474
157165784
33323619
74268808
49357248
115343969
52429817
167065351
227090096
164375408
166854139
2653330
9295323
13877116
84778742
166836342
151946335
11558238
139003888
397051
151935427
52139906
4039083
30065708
167583167
295083
213922987
71149514
169815876
13446728
115365623
50234848
1770253
124009273
157987750
50541939
33338632
22003432
238890563
27452825
168732419
1584748
157066039
94541976
162290190
46254387
158969702
21114203
10442562
162320125
40994442
39598672
9630478
158268266
167908446
13491653
170521573
33569396
115345270
148524715
150960178
161784164
18478740
122703636
167347955
193068962
122088944
2605980
91804260
7248615
138661
12831037
86573627
84690080
120559367
145975522
157367383
4959667
14595049
2707909
82523537
5932017
66391953
31339484
123388727
171096665
91214281
14268743
76574538
66733431
219949501
5880673
83840051
58331480
331322
222878953
215947
323879
219537730
34558599
123235072
170788168
167065356
33438531
123858107
40253982
169147667
169240856
113887685
18028669
3264832
146335630
83308205
210768
139247
119225827
8953602
205325231
84367193
160354544
150421028
28853805
51340056
47230998
22476679
134052872
149946002
255657832
149805045
190610436
61374404
56277900
169761095
120562144
62327641
149039146
58002085
210758
227836647
149951897
52631335
104345870
134034972
219563209
119919568
37930127
73762551
125631922
157326524
2145339
6572139
51968348
148807407
27359695
50417082
126207992
6650616
254361875
161168349
126325565
169755037
154162485
148324211
150964491
167996113
91800807
66391660
5823604
91777033
1017789
168203354
49612055
153092335
227844897
157802595
33469657
147883426
1134849
501132
49458071
16417844
15231167
305365
39842094
33469801
13809970
121871953
27552488
28853811
150423469
121621853
163637629
76577624
133855802
33469795
34333272
113887668
168480607
134132024
168721503
17384308
70608879
168262820
46804777
153092849
8953622
83308152
222778
126512588
213583810
7262478
33469727
25121876
10444109
91698806
12697778
61360
166858698
1495371
148888576
71731016
238764864
71482525
47826337
125622598
310361
171098364
99037179
323235
238705416
20335011
182672934
49613180
84779214
25014025
40787025
170789915
4336312
115510977
1375091
14317894
162320077
149132619
25809044
28849597
115517868
325338
167908526
168790620
109138094
87244870
1322445
78127850
188490257
71038018
222429
170022444
75257194
166983550
23379208
239502647
167900121
82523547
24984669
126010862
182631042
82523541
82944325
116047876
150962670
221222
242279162
160345435
1813788
25121800
168256270
157965449
90820962
32452115
5381277
16904626
27807681
25121784
7707668
33414825
24348736
166854137
1843581
1171425
4336269
78220817
1911335
1519247
17149037
33469821
87134354
449810
256003564
11558216
34526019
549392
71559255
61374400
168462612
169748982
147739851
110225288
808793
1617502
34526033
221595
149233128
34304531
169125145
148877845
93280334
89112744
211638212
215120
156145708
13537357
29343983
167874052
73666001
162955874
68343697
58045596
162432818
118142466
159792392
150963186
179345418
197927050
29243587
148289785
168789885
2440021
2337940
75175105
182406748
255100674
7677349
32350468
51173256
1098652
1926380
1911296
237745776
149359285
167461040
98977562
37781258
120971538
168778115
19343451
113887671
17978463
2290347
86164703
33636094
146336856
153093964
228826339
84779221
161407142
150424951
4494948
13517616
45160041
182378320
45504804
2645231
112523697
169257301
121879070
167462275
12141286
18149159
153581937
30314127
150840627
125631979
227113053
194347472
82945461
125470019
2828211
254507241
33620529
33469823
166858708
33338705
73856687
332584
38708289
253779947
33469825
57904719
7008410
24983834
22652095
61966454
83633702
1911380
40641537
1020296
16420504
609312
170777157
1020265
156187066
157411266
33469633
75905727
40804500
99031013
116256840
32528165
206600193
3560063
83577557
146863479
114537027
33469697
157783439
66276754
160344465
157078957
13094664
125715555
745683
226222761
170776359
117066793
331339
148552761
112523705
71162422
146428569
168257799
554602
159885966
30313604
18426869
40804481
115422397
60983
75513066
119821978
148763562
81249974
77387024
1857318
82523578
162433530
62114784
109893949
85696587
34391486
168826976
61966456
12025150
145208931
149902260
162428655
6960534
138649
150961512
169007928
1911394
149902274
7959364
170286955
167554519
253990567
157101592
160364469
4336319
40950044
30844294
699095
91980355
30044028
159147109
158342770
15595838
136055082
117556341
5670188
33414815
149359299
40787104
237745777
9309376
1769766
89275022
5733544
68195993
81294170
71038007
91682899
122703638
152986278
116094912
162351854
1582520
61966452
854446
90103662
126193544
33148834
157041109
255102933
168790448
69608748
159176061
51036184
187939720
240950435
134025719
167839702
47155926
147883421
75229910
145301778
145271281
118201930
167593720
19881075
167560738
22773810
1098880
72256255
88810187
192823839
2935676
168257802
162320139
169755690
17385955
18028703
6003486
11095857
82945109
82471192
208429879
3168848
116248202
60302
73762559
168480611
126102714
33469731
46241318
54633647
160859441
168227874
254729534
115343973
21591757
156145786
169749713
238721188
49612446
153009627
2645686
192824183
120559791
162432695
160861532
257677
116780495
116512463
27359693
61383212
17827247
27363003
58002091
220674742
145317891
602489
50557455
167584286
133733983
50299414
3046859
52221259
106647370
152002592
23015914
115529850
3046974
125996724
111184751
228950234
18028713
152936612
121621854
15676984
33323536
119372881
58429769
110684553
3335633
1020273
78069503
780168
462152
62288745
146216747
169761091
90992840
152936747
146230066
227854853
83850947
146336886
1911372
118438327
167353277
76574637
695235
18028700
168752825
84683300
4336306
13362194
115529840
46201182
229883229
38638895
85824396
162283657
4336322
118084011
121621859
25013976
87121932
18028659
38488389
5712224
168831322
33469729
229883233
18028744
152025050
32350482
34101727
1429241
5070122
49237915
46450546
33328214
84325829
44894071
146739832
151584343
156145792
30314679
61017
333857
40253995
46277193
171918822
33637704
196178782
115344058
9309378
22035881
116266098
162283667
167553904
162437276
157808239
23015912
162429956
3522883
88790891
59803777
112180950
110554967
34500244
167584269
120562745
1346742
22901298
149821796
183571490
165993343
223897750
58220016
124389436
157324914
51860750
71038016
37595190
169755707
112180892
133738979
18028694
6136178
27372313
86372235
74489847
6960471
159174649
168826965
38492527
148806367
1296474
5706702
3661576
67086035
123122625
109699317
1200318
237669059
255368
94483045
167066518
146424416
84688580
161621697
170788907
18028725
116099085
396930
10443886
77387334
68525493
157955858
116744170
48996107
120595147
166836323
149787290
21672284
83636358
90105082
29650520
168731782
229379540
6970434
78771836
333745
41057643
197284423
116107540
1911392
169791904
56910831
162283673
27886305
85688333
78363329
205351097
8919572
167853821
1911249
115111507
94542565
254523250
1326103
1279646
4336318
62114777
76574506
162429969
169755052
116107528
144899435
1911318
37702684
59480716
16419556
33469779
20336383
162320123
13785558
335285
198261142
90820965
33355722
167893325
38641268
7677348
148806351
108794944
144898891
825746
323710
168480625
2317981
84780361
75211971
158828628
58429753
35187439
1143293
39979437
160860784
61018
219870664
331869
2388674
122088183
77381371
59717855
149039141
254360857
157676151
335175
91801679
158906363
455193
91214263
91698811
77973289
50284530
57224620
160861547
323171
86372237
16033051
55417044
82656957
49237924
118430558
61806309
60592539
62114789
133909391
159138028
169761208
1020225
20453830
118662817
8953610
170713952
71559162
52139950
52145320
290613
254793150
109940316
168465725
238695308
607140
33302514
161622606
183224645
25013992
167054463
206599729
77020784
8919570
8919575
75238943
59480720
159174650
83423463
562311
114537007
115345250
162320119
33469737
33469673
77960464
515645
169654552
168758983
166985905
220930189
86372243
227428249
18028711
33568278
146740350
170134042
4336304
33469739
4218947
32528103
1020240
168793564
53756720
3676460
146336901
150960512
48527508
167915200
148696547
77176068
73991055
120595161
93280358
31339494
104345796
75227213
81168425
2645241
33469725
109699305
52216615
84688578
161379786
50511901
157081262
2565188
159174635
114416810
115513244
577196
334756
116266312
139003886
14029755
7769348
34978685
227115485
33469651
149904683
168752904
72398398
14591851
167900251
168778053
169653869
1770255
6249637
75254948
118419798
63849772
20043355
157324917
149380657
114540866
166203602
82471127
168983487
113471018
163644211
124295473
157325220
109642540
50299416
167565008
162435380
20335010
16421266
336042
151561516
118194002
78058647
51589377
29139372
1644412
167821694
1911369
188587621
118413937
1020264
225339
33469699
146336925
170321619
9632629
2582500
13661719
60392734
115251959
1857326
121861395
186681857
66276758
33469639
56130906
27526783
34419576
92117903
61923
168752976
5706696
40643156
58536394
169007923
85696585
133855797
83587291
33469625
16923726
162950934
63256721
148324226
151946334
158969690
33328212
29788015
159147083
73747804
33338728
46450549
168778353
101919173
170668116
34304526
171098272
226842508
1334800
6901608
76874652
138664
78220834
1842156
22901295
31376183
75510785
12053769
124366186
2078309
1911336
51589381
323683
168789884
122088941
163863544
11095868
123858105
40218580
93280258
144986903
170518865
169153025
220934801
50251150
31790899
35187466
124895045
198261038
2746289
75257189
87244990
77975669
8953608
78771413
75227184
49238868
297131
165898735
32350554
8953596
536178
19171522
2511450
28631114
4336286
446583
83636360
695197
167869215
17384307
117578913
1911375
25992529
8953562
167350303
1009219
4336339
114537015
49523984
33517430
7444291
77957280
2338028
2731808
6707653
404120
148324221
11596271
73991049
41176633
170710730
157165919
75259492
40787082
46448932
25013688
121606205
1009009
59538
75175536
2653329
149142431
254477183
1679879
78218398
94502739
2852344
98977559
222308
579126
6815247
167867627
109289957
126010914
65306693
157918133
159176955
82523553
161168350
20335021
157884925
81174848
31788493
145320013
124117060
1326095
121300507
77973293
123315355
134267965
124115861
222441243
167464216
61966446
3915906
156233869
134051778
11990349
114537028
115343975
33338643
116105533
463192
145577185
46915668
120595167
61374395
192931475
227438853
146229733
212671415
157157340
154622815
115281899
22901280
151561002
149395326
120825
465476
25121514
46449995
885861
94482128
3493172
222088244
160354461
118003184
167593634
3861490
82523527
25809050
11992270
156145673
396917
62635548
50400279
331880
78068852
237746275
33414812
61374415
1850843
33338839
38640372
170789451
163964057
168764422
162320021
61806164
182377181
114537012
15991677
13560699
227256161
158828627
182630662
1060936
116266314
227528937
157326735
1323073
77957285
146216745
110759361
903060
68345410
167353276
125996727
171088170
61374355
2828730
162950944
4249658
116266106
28849603
109641113
238832371
74419863
9886730
125622597
18479052
145319113
160863150
32350503
29467928
15024873
51537301
58534789
14027793
758722
6901589
32251002
106647368
145270949
75259352
15384414
148806341
183599092
157310809
163869494
325424
75259342
51036020
2935691
149286982
50234784
303974
126105884
146229730
167725734
7328913
157403855
167065360
112523685
331547
169761201
149951576
4704688
1911383
154622829
157965447
1926349
16412538
30466084
51539278
189490190
188494719
29467927
149812423
134046956
41057292
17154970
331305
166157367
193067714
91214273
1255061
34419581
153092855
32453648
47552632
408934
1020289
13274353
169295235
179350541
52139911
120595159
77975421
237509373
6851159
418263
62114819
38606199
1583077
50400704
24985125
1770259
46201835
114337923
37499384
114542036
66276756
780171
150416400
18028678
15553298
196020689
5733557
151282235
75239798
169761206
58465254
82523529
114537005
9181820
158332097
169124138
825744
13384099
9634660
18028765
52843313
109699302
13129533
117935811
110285229
114199298
160363662
145632846
57233187
109642567
11036600
293184
18677213
154818091
57224605
8671341
8953636
37678168
494375
134274843
31432779
149777872
162433942
33300845
50812457
57634606
149807348
138647
149132252
305108
825748
182406750
15213202
22858892
51975289
226228846
90657204
182377195
1326097
98986041
229212845
13925190
224803553
33469709
22652864
33469745
167613900
22476573
29650490
70720859
38326677
52139850
86164720
112523701
23194382
149814647
106647364
19072859
29344757
159179306
478881
213981224
28854431
66733049
24984668
84666343
33331347
3114570
158969688
168713356
58533198
210855
61374491
82615586
311649
396963
242376561
127927
4220582
145319990
50927084
66354269
80977418
168752806
110808250
167464678
164414586
47834954
89212772
21107209
228969764
253779948
227358433
23968325
1352867
57834039
91804899
62737727
33469751
179344184
2653309
75208586
1655586
156145784
15384451
152924922
111036312
74473532
20562997
58429765
7630179
91214265
14209661
183226293
13361107
77696197
40287935
18028743
595250
545501
16412526
11527209
30909030
51036028
146760926
32350469
115345258
115422560
40806149
146230063
117999449
169117053
61657888
83570080
110085682
87250854
146193388
126387947
77176749
46487879
159034163
24415506
16755745
61374678
239526365
37826006
253989591
157144274
25990812
159873215
157311456
77960474
150836619
114227305
170789908
183599079
56130904
169147679
683498
17826972
168158036
396907
33414836
225653
21624372
37790737
145629872
225869651
154184320
397044
218691163
170667450
30179944
121556258
25013705
16554981
37499382
104345794
126010876
71559158
182674425
331407
156188045
221328627
34610150
81168442
193201396
255705335
14794713
118433675
1764168
238890556
13364458
110559349
220934794
206589315
327460
34733002
71275437
72393787
56404337
150028054
114537020
33469655
33469785
87159772
334392
162319899
10946483
114308474
149950458
167427911
159891536
1020224
83631341
83571763
126882978
22775318
60100809
192927561
23127600
119958132
255066402
122088180
46448930
82654795
115364512
73991061
68343790
77979297
49458063
86553119
46811334
68196261
83308150
157080301
94423183
238696841
104345829
58428781
75513909
146347443
168784475
170121808
1526454
83846185
151560724
168265793
66392022
116266461
23495452
18266452
25140636
38326679
41816844
110615413
167945482
164429914
170139159
40950043
94547765
124249804
33414833
47558807
46448026
227854856
111559200
65317901
57904735
254504706
77545496
99037421
83596309
225620755
169758528
310334
4336278
49612051
99037412
290620
58331386
77975674
164520994
29467941
9630482
146336850
549826
1927210
183210631
163855295
7385107
99037745
852078
9930111
90820469
167852353
90820955
71557089
112523687
151559476
110165323
33414831
47826323
30314675
37594515
115343968
124493669
52843301
61966438
115512477
33469817
153092347
33438552
47552851
76262754
169761092
120563076
3282276
61374492
158342658
63258529
183224644
18028643
159147105
206581121
169295127
28395435
333324
2707907
168236528
115513254
32350507
1066198
168721844
26107242
168790813
95112123
169296072
110684552
120849
75513126
114338642
77390202
33526940
38641258
60677703
1730865
134050951
90568519
159176062
29825318
88819181
134141817
146411517
13095853
55140659
6578908
60592543
45643607
164521167
33348149
162319935
1020217
170518858
150424945
225723
83835479
90991036
39996092
75257432
84797592
170663664
81245321
14595045
124389510
182672901
77973285
218171433
66391961
194458045
169147677
91796600
119919566
255057344
138873
17484026
4336042
150028378
41023637
220029172
465127
90337204
125621738
192824018
153954551
146424414
59897276
15109
13361448
8919566
82471138
325247
68343694
149812151
84683304
77387332
161400641
160364457
75239567
1020280
161383963
99037791
4336276
27464417
168770549
222148471
540806
335296
149946011
27414482
149902991
86198127
75209338
33414940
145555640
118722064
83570082
56678863
1429239
166361940
162320131
171096666
1589680
55977200
33469679
224938
85697739
86553163
119712612
162320037
31408087
152929419
538422
3337259
3982912
158268269
169124442
197937648
70907481
116266108
32350480
58331484
115368709
133855800
1098830
14334370
62114780
33469711
29344755
238723181
56909335
396962
110825934
82523574
59506
54306434
1314240
28849575
332794
47969853
37626308
2791354
117997206
32966261
126511019
3676527
124389365
29650536
37499243
8671432
37543541
9629547
9971956
27526797
1020184
13517603
5059250
166983541
294728
21108917
60099656
217067409
18028763
27888135
160345420
11037043
4336287
86553161
4336277
66391962
22945929
170657869
74487382
52139852
149910772
30058776
81337918
146233298
33620669
168174962
118002488
169751866
28203238
157411256
158596414
730026
25013729
120815
84374249
157325430
110751449
149946952
28853812
33414611
167583035
157379896
325731
2935233
159174653
71559160
798957
58534162
168203351
2961423
7532790
138015
321613
138636
148835655
32350476
5524005
188488231
166858709
114339935
25121717
21040375
9309365
213615547
78363322
157987794
158332096
454754
14091427
61200393
51036032
120588927
398124
50251139
6901590
256003565
88911085
1020281
8895122
171093414
33469747
6716709
76443954
18478736
126512571
161369739
255020349
170713875
168233650
120324284
255259269
71013518
51860749
75307
17149029
33469715
212994579
169260706
40456145
160344463
16421267
60528
710457
133930451
333320
34850841
222639
94549944
94423189
562315
45160030
75256699
57903629
71390186
28271863
825741
163716618
2935687
238024643
24983829
112790083
183599102
61374502
1857322
91803685
125487197
85721490
525262
157320878
76574504
148868565
240948426
68343675
53756917
397075
1197495
168995310
146348116
38326675
91980544
15667203
168759268
50234862
24984658
66391663
149380683
75254970
3986143
45581653
163658507
167565010
157320872
5668939
168803161
66276471
195941167
51036026
160345440
62860521
119658074
22901304
6467534
20800439
61806306
194307057
9634661
120594123
50845457
134254972
1020241
133855804
167841687
332756
82523531
29650532
157918131
125711118
227255953
61966444
110616137
4959669
741149
48696954
1234787
182378303
167945080
75179109
237748230
75256460
150835533
1093930
146760944
114540378
85816014
19343450
117982739
58003188
30314132
17981848
1911351
150963674
170713858
157849604
88697136
116651
82659702
167589027
157411248
167349876
204929551
162319953
51537297
168825519
1353861
146863470
237731156
25121925
75175535
198385599
152936430
110684569
8919571
88191534
72259600
75860264
3745908
58331361
58003177
58003195
112180958
167567110
119388706
82945824
71482519
119696429
148324209
85823493
2605989
9757719
99031011
94545483
57230971
1869841
167066522
2960540
34733000
5708108
83844671
1009221
26107237
164663581
124389492
124870102
34223753
65321270
82945866
89941443
11230760
145266985
118003172
13487142
396908
148763462
18028665
33414941
1869840
33347991
51702281
166008036
85541308
229052
119453126
168825501
562309
56485040
33469807
33438527
168721966
1020200
1020209
167621401
77546569
34732935
48596924
146403188
167860784
16265800
85542287
61374409
18028723
62529176
148912769
213582366
59373
37694299
95832099
83631338
50914475
396980
49357170
28057097
5059331
46487789
158330670
89043330
68299747
162432686
82491928
120594117
193064589
149796160
120969282
33235906
60651741
237877455
91800450
126721688
562321
145580499
251783021
149380583
159176053
40641549
99037182
33636095
11862890
77020782
110760074
134051783
74268826
29650506
3288389
170286074
6683084
48994768
158329622
168158439
119373518
28207675
33331724
161486833
115422549
187939523
32350494
145555643
1045466
56277902
17428706
166157359
158332092
220029533
2735301
99030794
2921100
35187437
62177346
21655152
48696962
169814803
94450575
162319843
121052181
109804208
61374391
168476753
146230062
110349301
18028773
52000661
157965440
1926383
30266054
24429844
25013687
153091017
23630483
154622824
78219334
83635288
213967643
89741397
221259
336178
158969698
92459
170789475
8953640
77160490
165968041
71559253
192824024
85823479
25014022
86553145
108879281
156187078
49357246
213428325
62636265
116102715
148531372
51173264
126570792
146315911
12831035
153091363
151944053
25014023
899411
32350553
68342900
167558009
40253981
33438134
164414584
187731149
120595162
93280302
153092345
10141006
49357383
115345240
116007056
60470030
4469305
1403581
110225318
120595172
156105755
67084548
19343423
75179256
86573454
86371253
2766610
238695607
18028715
167584273
254396253
18028702
239638113
22003434
122913125
164664955
169153036
323192
52306199
5823614
168796844
115432419
161621676
154550118
114796412
63256723
226945791
170652944
170788900
228912086
145556031
161338524
49612072
161390568
53748182
158590522
208738551
23307849
61374695
89515502
6114583
27526791
29650516
45581629
134053139
162319809
243085315
118002476
121902358
183210637
132424404
52079952
116102701
127917
119535475
120559789
162950938
1627514
222404
444060
71163479
6562263
115281907
27260892
146760942
170121186
124115859
182674149
198385603
85827086
33469793
61428
67968231
61228612
82471135
37499273
2735924
1911337
34732960
33469773
158307948
29612006
149777870
71390170
224173
33331810
699628
76577639
76561811
221591
30973869
2605965
163869554
254361350
161336041
170789473
168796679
145319997
5524036
154183760
78095515
210040
40317152
115370883
59537
114339932
4927427
3396048
331553
122089056
695198
6562393
169147676
157283298
18028670
207743966
153972871
218231887
84322840
29123210
221162968
46450678
1911311
40804491
13925178
75310
169749682
91073544
1009223
62766614
75257424
157912864
77973288
1020168
18028745
166983552
168203341
118662815
156190418
11177170
63258521
57018253
545042
71728303
253989590
33469695
6097105
162320117
31790590
21668339
3293371
108861405
160363647
84570736
60099636
148835650
240297213
51589429
6460534
28203663
124053363
112523683
118201934
7298500
52843293
167591014
1020257
126706925
463058
116235559
168759033
227251718
6103247
49357244
213924724
14329183
29293089
162320115
166241031
49641818
115345260
166994980
3930559
77162698
333916
242279587
209817
52843281
21305827
110559345
51235713
61966440
18028652
45581641
78000030
31324683
4336268
238695061
162433093
82523535
116711
160362663
14595043
77958406
242279590
117647595
93280362
33469671
149364035
125711113
160331903
194289041
70608575
167561064
12831047
18028774
104345801
559302
110554963
4704664
16033039
396954
76574533
134023751
78771421
110559359
108861990
73762570
21734854
13095733
67043565
1857310
112785273
222493
2852351
126704601
15805006
194100506
150260040
8096685
84570479
7800730
224467240
113715684
222328
66473279
227236123
46449329
148706981
22128446
37930128
5918979
168196545
144977752
120562146
116094922
1926381
121875331
33414612
227094464
4927357
168826974
86371255
90994635
220607
94483044
125714362
134138560
156905276
124497691
160354498
3264830
1097472
167065352
149946940
67508757
114541316
396995
24349046
42760035
75255277
168772074
161383966
3064052
2606002
18028754
333785
76574514
58450187
165909680
118430590
113015270
204320094
46370599
29377284
28852527
213029699
183208974
397037
151281018
1419331
109290124
40787047
18028770
34103428
211997264
4154099
229340899
1020201
221589
9309369
121847362
40218245
72536465
25121798
124389446
148750855
75256704
33414823
238761982
157169384
151944313
168236462
45738240
5823868
67857953
40456158
156145719
62288756
62766420
9623256
112788811
8953552
71558538
227162886
130422
160429744
75175530
152032226
162320151
310332
49240121
93280374
148763588
168467838
48728346
75259243
117503065
145319108
54660017
83633701
88600942
47559195
148763582
157324977
8698831
227427334
953216
12830977
58803064
150961392
45593255
54033211
156190420
169751875
15991709
197239866
117999097
148828645
154795174
22324505
49357242
16419428
145319119
168170303
58535322
151365245
46449327
1429237
162432487
168765237
149950188
182672694
76097084
154268798
5708120
229244034
110616141
1685119
77457386
1045436
75227132
42735397
94039104
52547848
182406749
145556033
221630462
1095114
9652003
290621
169124012
197725468
78193599
56542869
149142424
114537075
62637023
116108131
76574513
117169192
164414558
114796471
1020176
28203650
162950940
125714450
75209200
6863126
156778658
303983
76562829
23015894
7330015
12802553
220029162
22656484
134250899
16755895
15155961
7800728
48474055
33469789
49613187
32526779
2754580
93280370
9625389
4336288
182379891
4336054
2213435
167841463
116266463
33469637
49617006
562319
110673837
21666545
90820458
144898488
90288139
3747038
58534777
15705924
152025052
91800907
255505158
169761107
167464219
56606923
210428
162350799
780528
313385
157890152
555737
162320047
126710692
75259356
118003195
150958181
33469713
13364465
25013702
1020272
120595150
159906230
170777168
1732289
108755542
2529632
75210129
182669591
149812438
78220836
197284825
5354250
88790900
10442554
110636681
29888068
30844249
60533
23172033
121886657
1777927
2605988
62288645
117979427
157699744
148868550
170935066
120591335
117503064
1079676
58429757
2746260
139003885
30466086
24984674
90568522
167593643
238695599
151561510
1911315
32765539
3170625
1020169
149950056
77975653
52139919
157912477
162320145
139003890
154155321
119695075
215128
146314757
7302022
397076
146335632
189440007
24415508
1869849
75214994
58429763
89112742
58618168
7649887
145319110
12141293
168142488
75227314
63258526
117982737
8698824
116333724
8698829
254987764
161018639
170139144
161017416
166995938
4097298
119670576
157079600
29469185
116630
417643
18845928
1926350
109302777
148846199
56315588
50903784
540795
158536324
310327
28374462
396970
169007479
85542965
87134352
45643609
396987
170519125
120588764
87159730
15705922
168784498
52783806
115281893
23968327
149387287
334113
25809046
34500222
146863591
13111340
86372238
170788156
170713907
75208309
116058879
25121921
33323574
893390
34304532
60099646
93280274
167841461
146351839
164456821
104345823
38194452
226122
152936882
28204188
110539156
113471003
29378385
67999445
254474832
168761508
163803920
58003270
18028691
179345429
3845719
6599034
145271295
237874999
50541937
162320187
19225082
160345423
168752386
29243595
77381392
563972
5354213 FROM COLIPHAGE T4 GB
151561517
56718434
3127017
91982206
83585262
303994
119955285
115421515
83851307
51235711
46401702
18028769
151422088
29650512
158969692
34333266
30844280
187939522
37857260
117918625
60346
113547457
40218234
52629961
24983055
18152369
154161719
134053145
91800904
695216
57115975
167590925
33469805
91796595
1911397
50299420
37199095
4336279
51340058
60099657
150028069
89143611
218905492
76443942
24415510
25121923
2935689
124110402
91716593
145320000
29342445
82523517
32350472
168825506
152025407
29650492
113200637
227398061
95832082
104783135
94990348
8919751
83569213
33147613
5823769
9837144
28851043
21217425
1869861
189212563
161622610
1911346
167936121
160861549
61374402
110675335
7416085
159873208
18028674
94450850
57116068
227885995
148868556
58331381
104345792
183600792
170123427
1236112
42234
221053
46487839
4741748
63099485
3025509
50903560
25809048
87136815
149950038
182675440
119376899
33469783
33469677
170788910
809583
33348006
405631
151560707
157382287
110808253
33469647
332737
76577633
150373302
118134532
172068734
114386776
170710711
332757
4678618
158530145
169151609
168802928
90657214
158111012
75905760
74420604
31408092
160331904
2317938
1574356
94449928
182377607
78771415
27733403
54660015
6572141
28392818
125631929
225366
21637058
28912772
78057527
78363320
396946
10716882
27452880
49204482
12141287
75512129
1256403
109627644
34304533
111036360
163955697
122850661
161017229
38017150
31324687
3510615
66354271
169124252
170658077
4028588
51589368
33348003
514212
12007542
61652046
3264828
448821
23476480
77387035
562323
238699072
4959663
1041635
332733
33469661
52139917
254510719
51596084
169749679
82945681
166153746
68345409
109452566
45504653
326678
37575024
83586491
12831044
266815
22217809
152025396
47826341
62766439
167965072
40787048
15072746
34419580
77539360
38018443
75309
32526775
194424504
157324953
109699304
160415307
108946640
172069364
7362940
113715674
1322811
76574508
148806340
57790324
145208553
77381375
157066703
157077626
170121873
7649415
119712606
52551087
254786240
170025335
229247744
154161164
146229715
149902715
66354275
120588775
463182
34500234
88598000
484027
15488045
113638968
58255494
18028777
1730185
228837123
82945111
225874819
84570733
17484037
124377642
145557096
60303
229377124
62006001
31711691
162427892
38326681
47076373
19881104
169296704
58331503
6468041
124248454
167068532
58535945
33341142
182630674
99037189
157077541
71558492
182379912
58429761
18028747
77389778
119821976
32350461
157326727
167553409
71559166
451955
159794708
51013479
99037405
8920153
150374040
171098270
51036024
56566436
168826481
49357238
150424939
160363651
74491185
152935277
5732689
170713844
162283476
56378906
45581621
42231
157965453
216936
37694272
169653829
25121877
5708109
3097287
78363310
123987644
58003194
75227130
62128785
157912470
145554434
168772011
162433726
515743
168480633
8248247
3403226
33576903
67086037
12802544
170652922
46487859
75259354
3551845
42410563
134252985
333057
156191431
225647
15155958
154818081
115545493
170710706
33414818
150423468
49617040
83571055
33469797
113715672
51340054
46277205
557676
168797008
1360516
2765396
39578996
42410067
255928963
210814
108867646
154622800
50059504
61806308
15419552
90657218
7008438
51235707
5739107
112180963
15991645
168697979
169124100
1907145
68343689
4678979
119390710
93280386
110823048
215109
110171853
29341887
88819178
29342431
61374501
160861546
224876
30088917
84318833
45581637
1911329
217762
162320111
75215001
121282751
98401119
2077949
18028662
28864475
134051767
152926860
147744241
10863167
124389501
139003870
119956324
23452256
84664593
169749724
2338005
159136759
168790696
325713
1296470
156905402
434914
8953634
940469
115304369
72256919
34101732
68271300
4336273
10180710
76576151
334686
148340496
61374354
396938
91796604
168698650
145319998
23379207
149016638
150835544
84327629
18028698
56269977
68343685
3861479
163865833
12830985
1326105
115365633
33469669
84376031
50404043
110005057
158969700
16411769
61966442
104345835
33469769
38112392
115345272
37790742
23016404
28854336
32966252
77745200
328905
334034
83318901
166860880
161389392
9107699
33469649
56685754
37595526
117556386
51036036
83587899
33413717
146336889
78434971
29788014
38638903
114509348
24348763
6970435
18028697
151413289
21637070
167589021
332645
420580
62546305
84388299
10443876
118627550
27805724
5833883
146196499
91798860
17225374
163869502
125715185
7649419
119104324
722624
1093929
167464023
25121878
162320133
4336282
134267978
396971
16764398
66736472
50400284
87250850
51589464
16923545
162283473
227398236
142853486
1857314
94317816
71390172
182379916
76883646
151942197
84388302
94384803
33414824
59367
157699738
75255368
220029530
89953833
5823847
21217427
2194184
52843280
157699741
157021212
24349059
120591200
122892779
169295474
33469717
34526029
445597
3249606
21114205
33469759
332553
90657222
40787107
168712633
37930130
4336207
33469777
78771419
200388095
8247231
110673917
168796859
157888360
76574417
57471546
84780062
156145717
122064610
168821074
14595057
473219
168778354
78609209
5002170
323730
119821460
49086878
1857302
229224252
1945539
1009225
1911378
116668531
150960411
149808620
18028757
171098362
93117193
157965455
87083811
110559343
60392698
126714508
22901289
1139631
139261
73810221
45581631
125714360
62288818
21262139
305401
333276
228564372
22901301
24415512
225620759
165967293
85372492
125622595
162950924
119376218
73990919
5931623
50882057
18677216
168825509
17384309
114796473
110559371
2196745
1845602
328568
41352905
33469763
47019172
124511119
19483743
85841258
1431172
158534567
40641551
83850944
81174850
24984680
51340038
8671367
160356048
24417724
169815878
156186737
22506849
168765502
113578648
333873
162320099
33438138
62288761
167593641
158562412
4530154
29243586
126103562
433517
115343993
2361038
148763596
161622607
58003178
21326148
34500257
146229677
82658941
32350502
61653274
149951582
85372632
61374349
27452816
6010224
142852755
333069
27363011
10444259
109642542
15991641
138675
51036030
229162589
86553143
52631671
31339482
49475684
220934790
61696097
114199294
82523521
24636482
30267956
154162495
166782744
118003175
77975668
35187468
85668362
77996787
58536537
124248152
145588134
51537299
126512663
18028676
66473278
104345804
29692332
30270103
148835647
150840638
62529181
110675394
11095241
146424410
29826921
168751221
1323398
167558032
145571399
146336907
122088929
1911384
3522881
168796866
854008
156601581
51243187
1926360
227700
145319105
61416
112523691
158427669
12830911
110735426
303982
73915342
82523572
124021700
4587049
3822327
52139848
48996104
16225846
120895
11095243
183210632
21655255
151943810
152032222
77387978
40218236
2337980
70780328
9739009
73746108
167584275
90994628
108794934
161361521
25013951
6901588
115432425
34419595
227885980
15384394
463191
157912480
169888748
75257431
163644213
82523523
119926881
122892781
99030836
40787065
440569
115345256
1944539
21114194
12141289
162950922
51340044
21901954
333316
148370842
145321110
160861531
2754577
120969372
2078317
157157994
77745633
168803076
6468039
161213705
32350504
147574366
221638892
134138557
166860892
168823373
7141291
33469735
117066766
168722191
84376571
52347815
1098648
33868597
50299418
15291643
91796602
99036940
34304545
61653270
31321948
239503361
182377184
148513377
9626246
9626253
9626254
9626255
9626256
9626257
9626258
9626259
9626260
9626261
9626262
9626263
9626264
9626266
9626268
9626247
9626248
9626249
9626251
